rewards_rank,rank,index,adjusted_balance,block_proposals,beta_epochs_missed,balance,start_balance,eth1_addr,pub
1,1,123384,28118283,2,0,32042392768,32014274485,0x57e7fc26ac6a3d7daa72242243dfcdb3c910c5fb,0x8c7add41a14e5467ba1af40d33398e71c089e50ce56ed400141eab4a54647a35e8067e1df422347b676af86bbd0d7406
2,2,105621,25576960,2,0,64233982188,64208405228,0x1ef0ae72a8a1be143055416a1f41112e0d60ebbc,0x96a3462fc1ebcd32a6ee2d1644a3a18f155f33576723e5ffbe6ba6ae65c681e806dfbdc842ffe0cbd2de6a4fef681793
3,3,123967,23351239,3,0,32024721300,32001370061,0x403d8b5465b192077b05836209fc298ec0eeeefb,0x96057e4a9bcb7b396f8abf0b3acc59b78a7c3b524b1255951ab9b8e2a726bec849f743f05f720a55a741cfe89416fc2c
4,4,124025,22010394,2,48,32022010394,32000000000,0x57d35c3a374d76c695445957df1b633c78ffa1cb,0x8e1ad7147e9010d2b6d8472102d58c1e451c8646c4bdb0e60b4c9c836e5664cae390db1fac9c5f669ff38035dc38574b
5,5,123597,21911884,2,0,32026873357,32004961473,0x63097a64432ac3b86f0a7dc81cb93333c05252d9,0xaf3f2388f2bc9b096e8b204abef6d5d07de5198b57263f0334cc8aee6d3d3e2a62a5de57322545f13b6c37d2ff4dd2e1
6,6,123081,21867570,1,0,32029589415,32007721845,0xd974c75f228390090080801675b258c043032a46,0xa2ef2f9332c9a7e9d260b7130a2f0eacc1e2af7ef0729730caa0e5400449e860c7fefa20f85ae48051d2346a876171ad
7,7,124011,19951821,1,44,32019951821,32000000000,0x336e5ddb7215ff68b32a07a5e10995ce653a111e,0xa55a13ac91cb18f434a0268e47515c34641e4349e7c42e1cde1db6e5bec6c6997f982e6ac83b4aefd0c74b07bf147326
8,8,123658,19832205,1,0,32024466382,32004634177,0xf568262449a9405b9d7cd223d3a56db9b534be38,0x938cdffdd99f0ac0fb0b8a9c9d3d045857110456ca36e348fdcf49715a709d8a8b38807e1b2e9de78fce5f60a3cd7a5c
9,9,123467,19619188,1,0,32023908418,32004289230,0x6778ea81ab6cec9e0c0c069561232768b1cd802b,0x81b2b64c28b4fa0bcd31a7fd171d68abc78c9db063c6a6f58a3347bf3f9d828682b11cb97f530accd6939d777f164aae
10,10,123580,19566820,1,0,32024631823,32005065003,0x04e7ee585af66f41b346f81313488f77b30c2af3,0x9464f81a3275c85c2db5eb421cd1022a285350d79a3d7361d9c369ab6b539f59bb80ef4d0c6926135e49079e3b1b7067
11,11,123453,19457987,1,0,32025191043,32005733056,0x7e78228ecad2b14bec742af5507f102116d23e87,0xb7b75b544842e29fcf5babb495a4bf26eb06ef032f863b1be7aa85c0f6177f45a6d581a167981033e7d493013921b3ad
12,12,123477,19403349,1,0,32025112532,32005709183,0xd80d8eefd181f2bc79288c4eafd405257f2d83b9,0xb3f4519a3470040f4b395056af258f28da242873986a94ffe847b5bfd948b916f0bcc841c4cc76095ccf6c37818445e0
13,13,123333,19346062,2,0,32025617466,32006271404,0x9a1cff839360f693d463993bb4593cbd241169ba,0xa4b29184cd58e241331fbd55f78359e649f1a5f3968fa313eb9d763f90e6fae6b00124e5643ef6fdcdaccc0d1eb26ea6
14,14,123929,19298563,2,0,32020874803,32001576240,0x0f16ad3e18a24de047defb8d5c5fead4ff1c3879,0xa10c5c65d8fc75af3450a35703fcfa5c6c6e7751fe09d3381f1ffdbaeb82bdf8cfaa48d6ce0b94a36f6bfda9d458ac5e
15,15,123742,19294152,1,0,32023487482,32004193330,0xc4462fa62486c716269d9a8c9fcde56bce1dab34,0xb6d3480244f742389fbd5bb4b65352a6429d45a71f8c23dfece52f16a454bd431d5a76bae06a26d4bb96c2727f0076a1
16,16,123338,19154547,1,0,32025409399,32006254852,0xa2fc67f739604b00aee17b4ab95285b92a38ffeb,0xa91557d129bb7f33e39e056a72474c5a6c3225cd009c0f2a96bd2e9f7aae517521343b8d4c2d55d5ec7d17ccf46e46e3
17,17,106465,18980834,1,0,64197488005,64178507171,0x6af4e87b398c0986d81ccf59022bbeaaec2f5367,0x84317fcb8be3f3884cfa5c3eead72770347f705abc84ac0be89e41bc3f323a4975d9074d263d5ef6b493eba6a76fa0f9
18,18,123484,18801138,1,0,32024463748,32005662610,0x384757b82e2780be200df828daa9beab18ca3d41,0xa2b089e2e6b4fed39eb097d681b686e0eca929d94fa933b509dc0712d3fe87a5c0eabc9a1066d0262a20d71ffa99d90a
19,19,123290,18661693,1,0,32025141853,32006480160,0x8686486f7505f63f61ddcd973a60938f3a1a61a8,0xb420da45f43c352c1c6fd9edaa6e2a8170c04e8f15e4b5fd1a6ad8bf833b5c28c5ad27830c6eb4de2a4c3173a9dbbd04
20,20,123812,18608191,1,0,32020879520,32002271329,0x95745048f92c99fb02e7580bc750616246ab3af9,0xa62043e6b929dbbb16a334649a642d88579a6a11052950e54d220105f72590b686b053ef5d801c8f1c4f02def7c82f38
21,21,123242,17594616,1,0,32027317649,32009723033,0xbf2a8f29f7afd7f3040814317150d8958dd06b6a,0x970a42dc007e679177772d7c6b8d9c8be9292124b0a9f363b20c329de59e9bbd25150a057872df827002767af2a12707
22,22,121597,17586412,1,0,32043624584,32026038172,0x1bd461fbc9559a689803cd8374a054c3a041c7d0,0xb09882c28799dc5ccdd0f61c9264f1f35432a1ee8e3716ab99f2aae6f74989b24665c1eb4fc95f15a86f31172e4119c9
23,23,123661,17414119,1,0,32022059930,32004645811,0x08af585321f23e7bd8f617586fc9a6a1212a2e4b,0xb8eb6854971c231380c9e154e7f1914b1361ba0bb52846604d19dd01d872e3b19a204c7456392b5e2e06a57739583793
24,24,123613,17298151,2,0,32022257496,32004959345,0xa4f04a485f8560aa012beab69268a671c7592b94,0xa946a7d7b797ec2cb2fafb2c675159331f28a60d60ecc3145e3c635d59eae25e2766392d8ac8e0216a79174bb49d9d4b
25,25,123784,16919003,1,0,32023968239,32007049236,0xf4254a5f6a82474295ba01f7c0e4b0345c8be8cc,0xaabc6c4e5bfb7c09f5e02e574051b6d7c776ca403d6c2a25b75536208226f4135e2ef7dde3b3b4d6f7171955f7dbc7da
26,26,123608,16893233,1,0,32021829024,32004935791,0x635d5b96e3f71601f2abe961c249c04fe20a0de9,0x97e46465e57d1b48f355d9772303277f6024e3bdf21a489b155195605137bc9cdeef1cb2d32fdbb950e187a711fb59ea
27,27,123945,16805916,1,0,32018277842,32001471926,0x2677761b0edf2019029f580431a5f0d76dab5058,0xb901e8c0e379b61df80dfd37f7ca35d98e80413da8eb5bf288d4a4ae8075f1e639d688cabac92f0bb83681e054ff3640
28,28,123914,16794426,1,0,32018540963,32001746537,0x0c3c71f9a8eb1720aa2ac8f7fb1bc004c0d2bbe8,0x93d454a5c5246b599743e63487ba0759594a5029c2055fb029248a7c5ea3fed04112b9524c3f042c210cd0c600b64a8b
29,29,123606,16691956,1,0,32021606917,32004914961,0x02800b7e92d88cca61cfc9c2c3f59c3468c86c96,0x936c54d6dc8e0bd75afbeeb0658d17deb1fb2b167e05a0148dbe2a83ed2133abde78640f8eab5702a6fd78debf0d5b4d
30,30,123582,16648386,1,0,32021746134,32005097748,0xedf021c69566a907c9285426093a0689f3194e58,0x952c36d126a0f4c870281c489ef80678c5180c28f7ac332f6d1ca5b76be20c4f1c2e404c644c08399030afdc0ac7397c
31,32,123610,16627207,1,0,32021563880,32004936673,0xdec6620e6ecc221910ad158c703f3bd4e04cf6a6,0x8158c9c908c04c963ebb19e04a42bbe71f541bcd39b4b00c21ffafb667100407ca0536346d5f21dab27ae6b1447c9542
32,34,123579,16571823,1,0,32021599943,32005028120,0xdb945e85674f72571a455bc6a0190200717415fd,0x83b9175b98682d252fe8aa2cc604becbc4b70642f819c73a2347a3c8d10c0b3afd3764556441966961e1235318dece42
33,35,123642,16541515,1,0,32021226628,32004685113,0xaf93bb0de8b38a60cd7f92df56b7eaecd27d7093,0x90b5b4426b19f19d135d3673a79543bf797742a47402ede428c967a6ca002f9cec4f3f3df4e9c38daebaf00104e800cd
34,36,118511,16528193,1,0,64206390884,64189862691,0x6d7abf9052a3e77ec751b4191f4ed1d626a48711,0x9492daf573ae9220e88201327e9a28dd0f28e04e8906b67fbb28948d89ec64f2f0f63d7ae903ce1c4737a80a4e278e44
35,37,123041,16520665,1,0,32024606365,32008085700,0x98ada00c2a47509bfc852c188a668a4ef25009e6,0x8878c5e396bf56c3949b7a6f43751910453df01244244747e9b2127f831da895bacaa312a8571ae52341910dc8d6b4de
36,38,123233,16457548,1,0,32020403796,32003946248,0x6fe09034941ac88126f416098b45917a0c9e3906,0xa5d80135c87138527611280ac9ad15b65edd4d437b0e1345e4e66dd81dad7d2cf3d784ec3ca8a498890ec40ba338301f
37,39,123494,16449581,1,0,32022034518,32005584937,0x34a708f8f8f2aca1a92509beceb22e5f028e1462,0x83f9cf6d5925dd70c7fd333e01f2cc57c440fa1ed40eccab157989af762bb2d71f9b2c773df4dbfa7a0293a81632c822
38,42,123745,16414431,1,0,32023721404,32007306973,0xc9322fde3436394ea2bbbddaba03afdfbe175ecf,0x813d4228531e6df934fec68ec093c173c5a2887cebc4ace8a12163245d5f98cd1a7bff82c0c2c271d57888e3a06d3836
39,43,123763,16398693,1,0,32023636613,32007237920,0x731869ae163fc825f16355f581dda727a7237e2e,0x97710bad2e12736bd0ae0a713a99af97f9ec8bc2ed8f9ac6eba3d9e4a8c1e9650ad372e8b10637cab03c93cb9023159c
40,44,123755,16391337,1,0,32020464218,32004072881,0xfd15ee7a39d4e2b6aa00cc9f1038179ad8e760bd,0x91de89d1b53087b481db4ac67babe01c969f0104ab6416dbb298aa7c973b2b4db850c7308da9d133290905b952cc5347
41,45,123740,16383152,1,0,32020536349,32004153197,0x641b7545b152730b1e42050e1d4eefbcd80a416c,0xad48790ee949dca10bbdced3d70e9871178f33dcdb3a210899f36b8068419dcbb7dec60c7631a05f884ec7af8dffce33
42,46,123060,16368025,1,0,32024223913,32007855888,0x9af8c16a29af0b8a7caf139b1e5e14c387579742,0xa8e7f4829ff479baf77d1d1b4206d45cd85fcafbffcda823309e591a7474d9fa2306af59c45a7964ea19fc4150663fe0
43,48,123539,16341983,1,0,32021718159,32005376176,0xfbce5e1a72a0bb5f9de94e26a071f6cab322ea08,0xa11fc3e23c52d5798f6779b35e56c837574c4d06a98dc7f0fda568d13e90b373218c1e5363b792d05c64afc6f3001b63
44,49,123489,16331693,1,0,32021872137,32005540444,0x675152957f05e44f52de58186817defb693dcd66,0xadeca417ecf59d72e3269829e85f2fd480c909414db5a6531107569dec0ac9107a94283236393542c8b61e5b593f6b2b
45,50,123697,16331371,1,0,32015532074,31999200703,0xce5d80bb4fa220438bef78a8334f4808b500a81c,0x98324e08388c3c9897bbdc913bdebb2e5714e0be8e97eff0e2330e1467b2a58c39162e3eaca2dedc13ea616e485711e4
46,51,123237,16320322,1,0,32023010806,32006690484,0xc53572496af3c7997dc2eb23f00e482a1e9fd965,0xa50972fcc7e2bd05aea78287a857874bb8387a06ca60e94fabc012531267dc4524b0bce7d6a24c977d3a684e90313fc9
47,52,123113,16310760,1,0,32023826909,32007516149,0xd9b003148027bf7e1729448931a92f3e9e8edbf2,0xb3a406b55da7c149778ac94dd2a7235839d15484cafda1c4d48dc1f26eda1db1c1f1d1633b33dabf98925a654f1a090c
48,53,123067,16296342,1,0,32024069360,32007773018,0x3355091b26ced0080b412156aa6b40221215ac6d,0x96905dbc04d0fdc73c3c5b3445d80ecad7b27b7357204809f11be55dea2ec5eff9ab711a909571f6fa47a4ada7df46d5
49,55,123851,16266098,1,0,32018412576,32002146478,0x624b1eada75758b08ed62171258ce83cf0b921ef,0x843a1326e2155712d4533b614e48b570e785c959632430c3e67efcd387babd203a7dfc9bec8272d20a1b03b7d194cbaf
50,56,123267,16260257,1,0,32019997419,32003737162,0x865697d5c411f52c57f806bf20817ad644b0c6f1,0x893e7e52baa866271a065047367a015639039b4f1ce601286d508673ed7910e8847fa6268c06300605befbddcd9cff77
51,58,123840,16241102,1,0,32018476416,32002235314,0xf69c1c534779305edbb5c101d76c8d41c1eb7d9b,0x87a399df808d2d9690843ca3f97f3ef676ad3bab156d37b271f00741350f39230343c1b9a432b8d3cf49b19f8ab66e7d
52,59,123769,16241084,1,0,32020253071,32004011987,0xbcc4fa11c813eb6654aad7782c07086c6d40ba18,0x873a8c768a7135772ee19146df2256be643bed3843cf83c34a62b791003502ee5733463389ef3869a742fa729eb66d3c
53,60,106469,16210797,1,0,64204113116,64187902319,0xd28a4e1cd5d23ee10da8b7b0f9c812694dde50ef,0x91e1149ff3b1054b5bfad5865fd39f2c093da249583964bb205a1d0383d1c833b7ce26b70cbd39425284cf64f9ac98f8
54,61,123522,16210539,1,0,32021511693,32005301154,0x3b7e617afb93194293eb26e058e938f76335cc45,0x951300ed4c8ad50c594d57b870dd1a468ef6eaf3e9696e2c21b3922f63e8e261998fd16641cfd4b18147c63d604642c9
55,62,123392,16209838,1,0,32022131715,32005921877,0x10f46e6ec9868a2be3dd2f3bea0d5a88b06d5805,0x8069c65644c8c3ee947dc63270f241c91393f82f39b59db2cb96cba69ebd3f6240dc4c29c61fde9c749e68810f25c692
56,63,123924,16204306,1,0,32017754015,32001549709,0xccff99c4bcf4129ba65b0b464bcc82d59eb003bc,0xa2e2fcbdd97d37a8f9318300fdef363727891da44f012a6ac8172b660b68cb015c9a50bb9eacd47123d6035921bbb6d7
57,64,123253,16192353,1,0,32019139611,32002947258,0xd9d9c4924dad181b5ed93e0e9850c21435e9e0a3,0x846831df398b351d63e7286aba6bba50dfd623b6aced0f78ead5bbd39c6d2d9ed88b299ac42861f855a61b62ffc571ea
58,65,123196,16180778,1,0,32023015417,32006834639,0xb6d59f7c2e6f884f2ece7951e24107da5dddb4f9,0xb1591a060b7be59d6f306a612d71a9438d288cd16441d03c5d859ccfc43f6a63a01e42e32f15cf6f210dab7465f83685
59,66,123514,16151727,1,0,32021698659,32005546932,0xfb53b5da2858b8012f3450b26899b4f804bf9a17,0x897ac513e5bb7c2dc2bdc8b3503b0457bc8212f80b191629fdc5f262ca94eb58e79811e4214a3a6823917d7b75d0c732
60,67,123366,16149552,1,0,32014825904,31998676352,0xb911dda495abb49c4e221ba6dd432ed8918dd242,0x8a5cb4844f5a28637824df37a9246863a87d547bfb7cbe790eddf0ef9f93f52e7090c1d5bb95e9228e168c899c983e2a
61,68,123179,16136328,1,0,32023189235,32007052907,0x0fc7f2b309328529b2510ecfe2e903e75b2a6d51,0x8b47bae187682990b2e4229515025a03c0663ed559e3e27c7e2d304e14e05a958aeb356a8017f157f8e7a1aff6c7babe
62,69,123768,16115289,1,0,32020095093,32003979804,0x2aad121c29e8f7a75fa1dccd9d43e4ffb00bccf1,0xb1494a074d26d54afa68c0546df85b1386c32ab701f9ac3df54389d2d60c5294b704e7f2bd2652677de1173481eed46e
63,70,123565,16100595,1,0,32021194455,32005093860,0x6033ef3c85aa8d095bb856527120d6caf5a9c5af,0xb768eaf018ba03e79de74f1c0da0bc60000792acd28609ed981d1c8d3efee4c9d3c38ec6847e273708ccc90b41ca1324
64,71,123299,16091387,1,0,32014572974,31998481587,0x6c33c7f394496038ecdd84bb66857d91f28f65a5,0xa2d2bab75442fe77ac4dcf0c83151594f83b51627414b9ae445b0e0610915978453b65dd0381f33138549320402f5fb3
65,72,123285,16085298,1,0,32019833969,32003748671,0xd20db470d6fb6f31c7d8cb7f68f31bc9883a907a,0xb35d49c133fb1058e4d2dbab5469927139a3cdd9d87fa62ba629a0636bf74c8217e8a904d0a67217d4a20b2f042d6064
66,73,123749,16043056,1,0,32019992927,32003949871,0x59b5de4b3f1022d736e3935be1e4bb659dc07bd5,0xb06911f857ce637b78e337f54c462b41a982b9a5c602dbe19e0e45bdb78b90d43caa489ebbf77f6aef30145b179524db
67,74,123086,16032575,1,0,32023669926,32007637351,0x3ac904cb96e1cef6a10762b5e82fdbb60696b0ec,0x884376c896da9ae004875766e2bdd7e656badd2fcb3c9cccac2fca77b7cfd0a50effacdabbb67c191efe119101fee796
68,75,107059,15997548,1,0,64252933230,64236935682,0xd901e65f93a31f1d4b41717e8f64c78a5ae62cd6,0xa096ba0c3793eedfd77833bcbbcfdc3786343b312577ac1c20a848859383c9f7fc58d3a2c9f466f2284b3542c63f3426
69,76,123814,15949787,1,0,32018327205,32002377418,0x3f77a8c6d02729953358dc60e802c776014b037d,0xa50669b07039871acdac60786712144370fa8ce3fda587e20538fe43f93eec36eee67b2c3c55dd2cfbad02a575295e34
70,77,103871,15937143,1,0,64230739996,64214802853,0xf616959cfc26d7d734c28f4437d5b4d25af13b2e,0xa7ce902b5a7fe9a6ce80b9f15bf69116cc6d9fd6d1996214b8aaceebf53828f1c926fd9e9ac246077757ad848b2077b3
71,78,123576,15894433,1,0,32020822178,32004927745,0xb9b3dab26083321567cbe18a73b257854f10b187,0x877a24a071ff59b58519a2921041227228d4eac6312343f811e05eab2d442c29d54ed509db41b22708ea2ffd5899436c
72,79,123231,15863400,1,0,32022449547,32006586147,0x6de8f905b46e36efa2dca25406fc07d87e421663,0x806a9ac2b9935f74e4697a94c01a0c28540a6f0f775c0e48da8b5108121b506e94f3b2460193d41cd557e167274fef1e
73,80,123980,15794830,1,36,32015794830,32000000000,0xf3cb8e0cc1ace6b064bdab66fc74835138645348,0xa424b036c5ba732e6e7476e4a712b63ec7a5ac6df88024c8f636610003a580d6d61ef5298c8b0bc7400ef7586d1563c4
74,81,123560,15764277,1,0,32020933312,32005169035,0xbdc3b1550be3db6197627b637da2e2f7b2f198f4,0xb904f3bef723a63a2717994e5fe3655ff2730df9a659aa566957add0f09c32b9f9cd5b0d600e91815363505a4e04ede1
75,82,105619,15654974,1,0,64231357260,64215702286,0xa7cc52b7598c43cf56ef34fbd477a333edcc8238,0x89c1f68dca7ae3647f738537061891fafc1d742a03a8ca26572e5176eb71316602c3a1d1fbd2d4f105e9329853f646ca
76,83,106476,15635154,1,0,64209792936,64194157782,0x4c8f048540eb562056c1831aae2241b093b927b7,0xada42f49aa34b33e8631e7b4b3ac93be2a39d10dca708daac4bf03d61ac04edf31bcaa5db99d75279de3c3a3cc0287eb
77,84,123974,15626692,1,35,32015626692,32000000000,0x07e027883b4f5f126a4d87f037a5ae2ecff73dda,0x8775049ca80912ec1f1a8527fa0a0993a5022b9f22c5f2ec33b854fa38837524aef2c105e11e36d8479bf9c70a7d4d70
78,85,123977,15523522,1,36,32015523522,32000000000,0x3f24876db2d2a8ede45de2cf542ca14bf8ba0c10,0x8fe5941d3c3b704c50d10cb8c4962ba980bb833c8bcaf4468ae37499fbb95bc6b150b8a9c049592223fc154d586d73b3
79,86,123413,15285965,1,0,32021011658,32005725693,0xcb64923781ee85e71b85ae5953f30abcc22b87cc,0xb4bbaf801ff18a5ea51c19c475625f550756e95277c3001b9e036c1cdf684e3d887b15d6fdf956595e76bf14fc9d32e9
80,87,124083,14447505,1,174,32014447505,32000000000,0x75c8c9e5c64e9830814446d3b20b71ce3d19a21e,0x8ad4e2423f3c4baaf3e479b0063ce51dc7d941e99122be066c96bcf3c80d6d42cd9d38dcf7f00a876c680107b8fe4998
81,88,123381,14003623,2,0,32007991677,31993988054,0xbfea9e5b75e40ea9eb5709b99725c9bb9cd7be8b,0x96197989df247c10847c949af57ffd63608292a2ced9e80c59286935934293cb6472d476c017d95dfcaac35225e058d3
82,89,123311,13334509,0,0,32019713604,32006379095,0x2e820d9dc8ed86dd488c81419f389a7aff7b06f2,0x862fda3d6b648ef48520b2637cad73df38cca034e221626ad4e3b877b999cc99ad70f3725f38164c2dad58513dc35d7b
83,91,123305,13310664,0,0,32019916888,32006606224,0xa11c41c194250a2f42c06421fbf8a5f107078214,0xa179b8d043b4b26933cd3d36b6988c9bc6d3fd8f871163a3bf8e2e6e436202f7dda2ffce535891a2d73878442c86c9cd
84,93,123854,13291657,0,0,32015392750,32002101093,0x4ad17c83a075d1e8703192d5ab295b499206730c,0x9944a3864dd74b303b1c560b84c441728d7c754353be86d1d1e7d492b3e6dc8db5a160b7d9038bd9c148951699319d60
85,94,123293,13287144,0,0,32019779920,32006492776,0xf8d03584c30d2a9036c58e2bd3079f4bef98456f,0xb678c40511d03b56b33baf882676cd924aa1480c17e88fd02a9ffd7cc00930ee0fb7ed6bba519327d250c6667ed80f7a
86,95,123781,13281892,0,0,32017199759,32003917867,0x51457a6ef13fd7e043a83d297c95aaba04419e49,0x92c6dc4aa95a471f104aed3310eb6b01409c9cb13136efd3c5be222b8e44a0c4e564810670926fcb52c8f886def38466
87,99,123105,13262248,0,0,32020882487,32007620239,0x76ecb9a5e88a52c11fb5c6d005de2a4af717fcca,0xa190dc87743d6aa333b673e567f18caa431355529bc161e6926c5656e757e0fa3aadc83835783429635c3ba8eb23de18
88,101,123221,13256226,0,0,32020175902,32006919676,0xd7ea27abe6f89b73866b69d1de66b192086c79bf,0x9543cdfda35a0b95763b488b6ce35465b4e9e9a73a226cf872863638c5a5e9a3fc55886f02ff4ff4adc419747171d160
89,102,123226,13254830,0,0,32020089933,32006835103,0xae54ffb509b6d014d7f2f0c0e3f6aa47f6ff8dba,0x8c1dc03b78f3bca3a7d255c35af038087b19d38b11348780ff4c35bf2d56e428a4862c090a51cdf719163f53121b7ee5
90,103,123708,13251206,0,0,32017648304,32004397098,0x86ee3249b87edb65aa1ebd808a7e451d6ddff6bd,0x91c510398e2e0f36ed068aa07c2b0fb20c82a0848766401aa660a1370abef70e7c113b152fb0c112896203092bdf83e4
91,104,123431,13245373,0,0,32014558694,32001313321,0xb4c6b0bbb950be7d08fe577915c9d40df43557be,0x84400f35b6e4414a0d2970e4b47aa203c7c635c80f015357d57421b960ebe314a63dc5539b62e21ecb19ed894f560dda
92,105,123891,13240681,0,0,32015074758,32001834077,0x3f6e64cabfc18106c3ca38bbd026180da1ef4969,0xb38c5dad3d7d8d1fdf62aee88f2e1cec8fff61747f0fde5c183dc2797bd4b69ebbf18f16f4a5ed81d9e70a7090972d47
93,106,123382,13239297,0,0,32019429677,32006190380,0x8b667c6dd17df4614a9777298b2f95518673ad4d,0x895ea691857af7849b982b4f03e8f947bf1dbeb8a17facfb65a15730dc96dda485e49da7f0a417bab24de8bdf89ae03c
94,107,123308,13235053,0,0,32023041117,32009806064,0x08f51268b26a7f64d5e72e2c1f391ac2c526d836,0x980aa96971d487843ff9d171e813a9d13c913cfe8c1c266ae1be103e98d92d59578434402ff8dbb3b706078eeea4552d
95,109,123932,13233115,0,0,32014810043,32001576928,0x7d155c66a91f8ee57845ed33641bedbe59ba391d,0xa59ce692c1f33b86b62d2076faa8c023715f2704a57233d5c77f7197dd6bae94a24348801e506523343733275951cda2
96,110,123362,13227315,0,0,32019511057,32006283742,0x3fbccb0def24f07bb5c5d3391c9bf775e0578a4f,0xb129956960603248e74e9ee43906032e9d04551f99e710205a6bdcb4d517f2065035daef6d937600262523d61333004c
97,111,121431,13223684,0,0,64027425707,64014202023,0xdf94c5c09514e01641fa73d03e3b927ce62bd93d,0xa258049f29c54a7f7e573a2d9595dd69d7c30c9f2e4778a5d79f46aefd0c8fc9da2884ba5d68d163f24f4a0d944f73e0
98,112,123048,13223599,0,0,32017226059,32004002460,0x0c02d5c64f40fcfe10bf65ee900598b6bf9f8ded,0x970776bea1607010d6d0859f414afab32becf1fce8957ce26f1b2b6ab8e3bbbda59f54133e22f40396e68a15071bcb9b
99,113,123609,13222722,0,0,32018173865,32004951143,0x1bae7de220f1b11a21bb681dcb320629887611f7,0xb7eb6ae25ab890366f239c1a66d0468ad16ca2cbe38ad3c29b1e9623a1298f83378971258871037d93ebb312fd009e88
100,114,123760,13220076,0,0,32017243717,32004023641,0x3251732a8f790ba90af036984ffc3b63ec8c23b0,0xb8e0d288e63ee6e557b26bb62d8f2de48866bf59c4039214cc250ca0a1e694130a972a0367abc743ca059320fcf8f0bd
101,115,123316,13219269,0,0,32019599010,32006379741,0x24bde324b104db032f42905562896ee51de366d4,0x89bc288480d73ae8017e336eff7f7c211ecbfbcf4dcd2370981a121e3bac594620cf9628b8ad6b535f344f59c8cde813
102,116,123721,13218601,0,0,32017564525,32004345924,0x42a62f9953cd47da89e9b8ff3249bdfd569e4ab3,0x94e69d66aee0dbf8b6c8ce13e4e143c77bd66e5aa215fff79da02ac3f227b1a1a3fb7aacd1199b3ce9c4175bc0d4b12a
103,117,121582,13218023,0,0,32010337386,31997119363,0xb28dc5135a76a062382444ef1457954d99241fdf,0x86ce2c506b3580c6f76789f60b0cc3c63127363817e7fbc3d453c24a9b6f589ef2337778e880f3e001520dc204ed3573
104,118,123077,13217390,0,0,32020724423,32007507033,0x4977294a902e2263a6d7c58a839f5cb1160ea259,0x9682fb88f3648a9d29015baf72d480f00cddc61d8669d87d570efe22d725ab91e700a0b157f4f0fe873c5696d7f63f66
105,119,123526,13217320,0,0,32018573759,32005356439,0x2dd3209803823592830199428781cf7c98c3a74c,0xaeb989f2e04e1ad4b5d93f154cf33cbe418ed8c8eb104adaacde81109dc4047f1e7ee7d32b8804a17d7fecd9ad1740d9
106,120,123079,13216756,0,0,32021037558,32007820802,0x15604e24f02fdd83d4e15366997e03fc37773348,0xad08aa00caa3a354bd8d69f9661557f1113cb858074c3588f68f5aca7108c01afbdb9cd1b1d7762ec12fd38976db1088
107,123,121656,13209839,0,0,32040387965,32027178126,0xc1ead339e1a6cc81d90b533832d8c66a6cb50a6f,0xa23a279fa5d4972edd6f0e0bd2432ba19b02d9690685e667934759ead4edf395a31ad2e8de8ee60769e496595c95be01
108,125,123907,13205322,0,0,32014914259,32001708937,0x14838e7d89c74448b76c3041142f1004f333ba6a,0xaea443b3cc7fa2f6776e270263e895bba7cdf92c2120086c132e90c2847cce3b135af25b23301d3aedbcce85b565d84c
109,126,123065,13205111,0,0,32021090810,32007885699,0xdab42e4ecb6744fbb854248746c1ca81c4df289e,0xad5a2e3f989de9137107fd3eca591b5cc1384342264956bea9c68558fcc50e11971cf35a6bea70216edd3692d5868950
110,127,123039,13204464,0,0,32021319676,32008115212,0xf90ba291fca4b527e5e8ac1d908f3f5f58dcab60,0x99c36dcf984424df2a64fc00f470836051f2d3a9b16ea482483cd3d8e5d116f6cb9f8269b34de61d5fa593766859da2b
111,128,123706,13204224,0,0,32017464927,32004260703,0x9a979f2762938ee7c4bc4b88273f0c894693af80,0x98dbd77b378e250bf85651b13dde6b58568312ba3d6672560c2aaa77776be9bd68345dc5c71c34cca175ebf6538b56b2
112,129,123707,13204186,0,0,32017607120,32004402934,0x45fd562136301806ceba92065dd9f9e5e333c542,0x906ba0695e7a2243e0d3d801105cdfab0da16c548370f1470cfd6a88a6d807d8a1059cfd3b9aad023bfda2f91135f0d1
113,130,123771,13203127,0,0,32017137198,32003934071,0x294560acd8fe87bd5e4a0db5233b26dee871e2da,0xb9c04897d6a4dc58c3c2dbfe7c0ce07ac1c4e77db80655cc5606de5d8354f09c622e8ed5abf21316db2913801a52b2d2
114,131,123216,13202859,0,0,32020128811,32006925952,0x227b493dbe2ec037c4644079672270e3060aa064,0xb1117d026cac72f75f82f949c4f11896f9b7b622438d50eb0c3a5ebe604f02efd9b5eca06e4e9d2c5419a5d7f542a342
115,132,123374,13202542,0,0,32019512087,32006309545,0x950e7d48cd02b068cbb5719c7de9c252d4b1c6c9,0xa8cd5e6ea8aaa7a1258fac6c28d0f64142f0c1e9134e7897751b1fce8437dc9a2532e624f2264ad0ea1f10cd008951f9
116,133,123818,13201872,0,0,32015557587,32002355715,0x89b9778050a1bee493fafc0f542c4d279cb56d7d,0x8d79f76eb0fe98865d73d642db3db7f630ef1d0dabe13ed6e74b25b7a7aea81c23d2969c4ad4732e5793d4aca87b81e2
117,134,123620,13200607,0,0,32018011344,32004810737,0x06f93c35ab06d154de8564ead781f2902ed66e4c,0x81b5223fe1334e3920f9a5894ec0308e9bc4e7e351278dc142e2799d1a8fe83416a1f1c232404ac83687b63801ff7e20
118,135,123586,13199674,0,0,32021876244,32008676570,0x733a683d1fe5e147da514d49aa25eb285683af5d,0x8116def6bfd136a1b9347e46be966373744a85c036a949cb68aa2c3d2306c6ca6b96dd03dd4cded85e9629351a440327
119,136,123506,13198512,0,0,32018618633,32005420121,0xfd700fb59d188f5b6e1919e590069c8f745025a3,0xaca15b7ff76667592c1a12052adc9ddc631a19fddc09338096f297d60229ac6e4b809ef7e27fab7707255c444cbb671c
120,137,123254,13197756,0,0,32019786160,32006588404,0x81f89804ee000ffc03b229deecfe9c443cd4b92c,0xb8ff5c6a5618acf1de0ab35c48ad715c79df1ceb8ad7dc48b754419950120e3152fee7f6414a21233a67953d4d0d55bc
121,138,123250,13197478,0,0,32022511678,32009314200,0x0c1b2725c75156fd3ecb491ef801668efee1344a,0x8f4160bfeadf5fc2fba6ab0822e54f7fd58c66927d5ea57eb11a493f4d3994a4ab5be3eeeda62c7253e79ad1e56f2675
122,141,123496,13195669,0,0,32018789968,32005594299,0x58020046d1dfeb7172709be7b24aed84b2c1d788,0xb4c6bbbcd57397ca9a0eacddccfe507ec9967cfcbf491c95ff9e1cd1c80d23a38bb8648a30f402de00051bba848548d4
123,142,123045,13193307,0,0,32021247869,32008054562,0x724e42e83c36f5e23102fa8ec6352b6b121b8777,0x8a031deea25acde043eb26af7e323d0b72acaf8c01d76f6edbc38999bfe3068e4d7ec5535cd81f561bb1630edf4fb915
124,144,123063,13192769,0,0,32021003071,32007810302,0x481cde8a1a9de191821edd0a60e8ef38a433562c,0xb56c9de9141dc4efba4925e5b84a47e0aa91953d6a9c9ac2f613cc682a732852b224e83874ee2ed73deca5e0cfdc6604
125,146,123614,13191189,0,0,32018120246,32004929057,0xc66d8caa717e86954f2081db0c325d8de432f2d3,0x8c5b5e7e456c54d2564f86f07c163ef35b861ff45fdf2bd7d028388f6bc39385f2f1f1c028f50b4faf94324a09f03e91
126,147,123747,13190637,0,0,32023288446,32010097809,0x70bc881d6bfcb321f6f393106d1c37ed0ad35333,0xae6e878bf6851eb2215e6b5edbf023ff50e203d7fb47b66f322cfe887e189a5dddb1d56a6502a3191be81928d7ce4249
127,148,123556,13189394,0,0,32010966744,31997777350,0xdee040d342d852d2285155ae76a0464a263e95e8,0x98e957e9db7c2e4be1dc72db255b81361bb8576bbad30f6d99230e015d591d83500ff6c24d960d81f52ee657cb373faf
128,149,123666,13189259,0,0,32017789095,32004599836,0x712032ee5b11effc0de4e2a71ec7fd04042d475d,0xa31bf342acf8c0af16a01b4898e4379fc3501668be54f884ec708173c9fe651aed57389ad188046cbd386a74a071fb5d
129,150,123246,13189120,0,0,32019906049,32006716929,0xf3788f8c826c7f5d33673f78ff36455a73720c40,0x8fbe82e739a15469a1c49b05e433d7f3e1f884c3e7112de7e8f92618ae042f3756df06200316dc61aa8cd49d5920e959
130,151,123898,13188304,0,0,32014962330,32001774026,0x7fbed642b42830104533b6851be1b010ff8dbe96,0x8babaeb7d2bdafe7412aaa49a3e042f987e84cdf6e5001179bc817cf51d8652cdb3f75fe0c433d6bc84a7f57796f4048
131,152,123532,13187732,0,0,32018553238,32005365506,0xe9a04436acc97a03ab2ed6f8a36fd106b4efc0aa,0xae64c7e4a7ff1409f8032ccc41ebfc4051c7033702cea21635c652c89c111eed6238a5c8d60b6ec7a135caa868f66608
132,153,123509,13186448,0,0,32018668175,32005481727,0xd1d134cd5a062934ac653e5dc2bae93115a410bf,0x82da82ef9f5c61e75b6dc48ddce60f5d26015aca0fb2f0476990a62164fbee5fa9d04fad8998c92dd20cd5bc39083132
133,156,123533,13184327,0,0,32018609974,32005425647,0xa627aa20485342ca16960fd1f77c547801f7f763,0xa30f03ae5e900a68bdf2938bde80e606aab9edf10024bacab4564aa7fe1690851c51251f4b8ec7bf6bf5bf2aa4508784
134,158,123571,13183678,0,0,32018356751,32005173073,0x065baf0a6a153c70ea3557301d624b68352b6846,0xb80e02df1023aec03d0cdf64b2de6c79f840df90cf67bf8cef9317c0e9f4b0cfab22ba2a4920de28116f1b4f5e8f20f6
135,159,123430,13183370,0,0,32019037219,32005853849,0x75dd6b2ee9c84fde67b8d1fbfeb1ea7aac6aef51,0xb51cdb8260a57037c42547baca0e07fa52186de90b6a329b4c778104e9d03db528e45b24c6f19128f35faaaaf4f37f8a
136,160,123541,13182979,0,0,32011426244,31998243265,0xd6f64a53ebdf4d35a5aa824adfc08aa6ec4970a5,0x86c140ffba0681da09da4bbe84611bfdc548ca7d71edec60a319b8f61cf7ba95ad8d51af5e81c3fb1921c7385c4f7670
137,161,123581,13182640,0,0,32018317311,32005134671,0x6bb42be5bcfb866170e35dac9c5135940d951797,0xac26db020434b5fe05d38096963b21843b15d267d4ac32dbe2f1b73dd55f76576aa99acd44f1f3b5d7a0c8fb23767a3e
138,162,123637,13181911,0,0,32017916869,32004734958,0x5560be15a269c748c4f2362f1889a5d7eba217e5,0xb5e3068806011d642a7680f60956bceaa97797f1d48a17c45d14164eef7377ec45e7d1730f33a50f0b70abe242fd4c44
139,164,123110,13180557,0,0,32020747015,32007566458,0xf41b9da1426f2323497324c56e61b8a7a9cbab8d,0x80fdc5fb16514294ef7fbb0b0378098da8c67230d105be76ace1385260d3d8516194eba44f6d76f60ebe1641b2efb318
140,166,123665,13180443,0,0,32017753829,32004573386,0x63d9b20befedb5c61ad5a158e68c0626ad67826e,0xa7e8a6b4967d804e0cb1fb114d15d074662246a67265929430c8930be51c17b1af5164025383cf4e0ccedb16841892e2
141,168,123545,13179425,0,0,32018494201,32005314776,0x54d40daf4bde9f6333c7f88bf2ddb7cc34ecd265,0x83e1fd413adb37c1a1cba3a266a003ab3d8ac254a77255d25fbdffcb89d6f01b2f79c7692b49bfd92486d41cfabd2c3b
142,169,123344,13178861,0,0,32019401119,32006222258,0x95a286070f6d80761e58a84297c532621c18a725,0xac6a6450dce343155bdd365055c3264147d516f8c86bbba95163a6d75b3bfa447047fddfc095e67e4ef484c804705b07
143,170,123659,13178591,0,0,32017816063,32004637472,0x55a6083fe8c8652c339904ad9e285eb7050db3b1,0xb2576fa093027b1d4372b250e7ad09f5972bedae9976ec7927306fd372c927f9fb88f3b8cefed309b3fc0773ba278c42
144,171,123926,13177075,0,0,32014797915,32001620840,0x9b8f07ebdc8a6887dbd2f0c02a34e9d7ecf5977e,0x8d490939d70e5476b2996e89fef2dac146d41a0b92599b10ec6125b4ef68789c25b48c562e9bb06a25ed4614638cc4b0
145,172,123059,13176792,0,0,32021091569,32007914777,0x4ce00f3a2086a5c788b49a23999be092b2823de9,0xa840294570ce3628769892ca54a21e878e77d66faa4e9852180074b60ddc8549306e4cb9ee7a023a035120b9067ea430
146,174,123076,13173696,0,0,32023255008,32010081312,0xd5368ae7e579d6f589b6f59ca12e335a6dfb0001,0x8b12ecfc810b5d0adf131f3e361d3b9e7bb73dcb7a1e18cefab7bf123b3ff3a9f12668f371ab1abbaeea36413dc291c2
147,175,123365,13173502,0,0,32019266128,32006092626,0x857646e21dd61f3f92cd95a34841ee3d81bb7098,0x96bc58e02c90e2e42250677e5b459d39f3c9aaa149745a3b2e74eeaa57e56b5ded409f7ff897521b4801b8e98777147c
148,176,123959,13172475,0,0,32014582497,32001410022,0x414cf53f1ad16c855c624a562dd98a65edc5ebe3,0xb549927dccfa239bd5e2a6144af3a2858c41db7650047f93071ef2ff48e85936e18db4afb823a21c6abecbd308ef2f18
149,178,123525,13170794,0,0,32018566461,32005395667,0x1e05967e01d30044c6d4102a711ba6a039990967,0xb29b9d9f387692edb2629ebde53d182d7fd53eeedccc95cc2fac0acba3380c6e6d159fd42f7818e06b587b09ba82902a
150,180,123488,13170403,0,0,32018800131,32005629728,0x836504e4fc62e61ff4a53b98c4ca985d76a9800f,0x962ce4f0dff879b1f92afb25c3c15b099174131308d5037b467791378e07e7a471a3ffde46c273102e9caa03af5da66b
151,185,123639,13168485,0,0,32017970364,32004801879,0xf9d29f701e31d0ed331adeae6570d94c5bdae7ac,0x8da96c5a176d433a5a5902e1ff63a240a31b555285d5b862f81a8d1a2dbfde8bcc7400179d86ac94c100b6ce96f93143
152,186,123901,13167432,0,0,32014988078,32001820646,0xa18da38687a87d8c091fa804aec086908a7e8dc5,0xa7870d91b4aeef441dc0ba4488e3e137a8b97611717f9633533f8a58eddfd25cb1c4d751a6b793f78e8e9c2a3631d8ca
153,187,123075,13167126,0,0,32025737138,32012570012,0x6e1c2102f37d82bfd1c4ec1ee8bcf36c4f1c3346,0x826cbdad3d797673a1b7a14029e1d42eff15dcc3a39bffe2b647466a5b34c768d79c1f868b4d3d9971c8d59819a6916e
154,189,123452,13166494,0,0,32018942855,32005776361,0x949af0972f20fd2d1c0e1f6fa85ede350c46b851,0xa7498d96bc305801651b09eee817dba0fab8849d4b664ad77192f71098162e6ff024f8938889bdee0ab3f2cc9aa14217
155,192,123325,13164326,0,0,32019600923,32006436597,0x8701fd0cc7dde651d8e5a87ae6d2297b73d683b5,0xa2e6ab368a0faa5ac0a29e5fb149f0b78b7375cdb5ba856c19b806c2ce85bf4745fe99ecd1c7722c2df0bde863a9b94c
156,193,123783,13164026,0,0,32017098928,32003934902,0xadffcbbab807cb7e04331fe65c2d7486caed8025,0xb348b7e2441af204a700895f1376db25cf65e08bdac86b185a75120411c37a4b16812f3ee4e4400b8f08d03eedba5be7
157,194,123701,13163198,0,0,32017560053,32004396855,0x20751a65f848c1f308facc537777e6aa2d38bcf7,0xaeb802be27b9ed10d89dad1ea16900f25eb5e556b8228ee43d973491af594cff0e8762611b737da1136fa3a571549db5
158,195,123335,13162196,0,0,32019381165,32006218969,0xbb4aff5d6b60847c7396992a94ecc9a814de46e1,0x940b6d5684e5a94df64f59e0be44324f1a697093c03f3ba541c76acad7202f877354cc67e32cc9ff3749946fddc0896a
159,196,123633,13161736,0,0,32017883877,32004722141,0x18cd84e101fd95cca018bb0fbdc81ad409813569,0x8e5e6d8dccae8ee9586d5218a39cd2c320bc21db7944e0c6c244d578e1253ba6e2b75d07c0e8835086fbd1ed398b5b23
160,198,123831,13161546,0,0,32015456719,32002295173,0xfe36015cda4d3fb0d5f28125e9bc5462e3a749c9,0xb13c230b3af90f03b4a621d9e2e2201d7e227f13eb9a671148eebd39f7c5482e6ba63793442f4f216c4bebb44867c3f2
161,200,123380,13161085,0,0,32019305233,32006144148,0x80f5c42f1f07dc228f377fcc0db34b7df76c45b8,0x8a3663a3bfc1c62ae1ce9d413aa53db024665a95c57e48d798d6edc52e570f67f521f2e224e40723c73c2cd13bceb992
162,201,123227,13160956,0,0,32020027571,32006866615,0xb9c3f7db93c0569cfbe7656092ac76d0bdbb9e80,0x9802951c9304825faa18643c150c46c177a051121211a8ef94b8a4e14c1c1f63f08a8b2af4d21cf4cd1746e36f2ac917
163,202,123711,13160635,0,0,32017496029,32004335394,0x57665202b06202e575cd77a2428fcf039846f1b6,0x931e44d86cfd67605850e3cec5b1cef9bbefe62cba6b8597fe2492ebf691415d5dc2291d3f959d3a60a2cb1a5a13e901
164,204,123798,13160069,0,0,32015712960,32002552891,0x5ef44516ca909b70457c483a3e0efa9e3e4e3d54,0x980d939f7d96a13791258dbdc7c080516d5f5917a7188c08f615f917aed7007f08fcce1f2f4aefe9dcacbffbf5442bde
165,205,123878,13160067,0,0,32015117287,32001957220,0xc9e1e1a5d0096276c53115eadcb3921b216f039f,0x925311346648308415a0b6964b371afef8e8f61dec7dd44fa247cdea596df12b48e1a4b66a5f552f5cbd1038df83e356
166,206,123479,13159719,0,0,32018849097,32005689378,0xeaeda14da10fcf627145384d6508c9e75e2c7faa,0xac238dfb45967c0aa18b25c783777dacba68495f6d8a7edf21a794eb8d6991ed449899547013f6355e2fd1de5696eb26
167,207,123540,13159395,0,0,32011827920,31998668525,0x188a724947e569243deae63074324b3fa48c6e44,0xb4d8486c37df7643d114694e28fc82f558ecfe872a47c5bc1b0f7f3ed536820be453eff82c6d9f9bd5eaaa3a4afcfed4
168,208,123248,13157364,0,0,32019919758,32006762394,0x9c10ddbfceb7093974c82917e911f507b9759dc4,0x8e4dd0cb0c74644c3f64a806427a9bd84359b11f44deb38b8eb814f538e34bffca7cf92c13f074a6a4acc731bf1072eb
169,209,123761,13157231,0,0,32017224692,32004067461,0xf20b596b8276eefea9fcd81556de0508ba7a0e10,0xb27c266b55109e202b7712b0c46a6bdb22b9d46ef2bb1de0db5f319ed6e65b7618dd3e3fa8a63dd559974a32d9dcc304
170,211,123739,13154881,0,0,32017312638,32004157757,0x27b6d3744046e3e60ac65a8737dccb00848a034d,0xa70a1a55e342c3c3139d57a8878823de9a1c0abfe00e0ecd3ea5e3aca7cb0a85fb218a98ecc521d70bacc378374a5d48
171,212,123441,13154569,0,0,32012436129,31999281560,0x4006cb341763c02b716b65dee5eeb79728304bbb,0xa6c2f50d270e37910e3fafe1c8f55e15569f9b7b26fec18bda2f35129c6c0db4e2ef7303da512be94b9ed4e05420ddb8
172,214,123559,13153642,0,0,32018229586,32005075944,0x754e40ba838ca7925f78b0fb46a399eaf1c6b982,0x92103f9e2798249387ebfc03ad234a9ac7cf4aef257a5fe08a483c7e35fc49132b6b2a3762130659e4381be55ea790ab
173,215,123630,13153491,0,0,32017876164,32004722673,0x78f73a75c089790865e56d6811f6f9820d8c7715,0x8977784c1c8519ea9cf1540c591fd7a28108e9cff03cda21d54bf432b79c03262eceabb55ee7d0916a152cebd3bbec67
174,216,123314,13153185,0,0,32019528100,32006374915,0x7f3449e2609fbca83423039a955b5213702a8ce6,0x8a790f7f4b184b22305ce32ff241aee43e90014de6e361f7810d5ca5199e6970f78e7207e3288485306e6c191e93eed7
175,218,123419,13152839,0,0,32019122606,32005969767,0xc7ceadf13f345e914036cca9849e1f99ed329f0d,0x936fd223bbdc8c367af9854cdff2767cd5abf56a0c0247ac61e30b19becaf5f740a6c063054345ba14ebc7bbdae0da3a
176,219,123592,13152245,0,0,32018185868,32005033623,0x91928bf33a064d2199e52c28b0cef5569ad40691,0x85eb059a45ece8ea4b1091eb1fee090e0b7572c1e11ce31e36db0f50c66255097737b0f64e9636d81aa42ee92e26edbf
177,220,123301,13152047,0,0,32022339184,32009187137,0x0820473f7e10cbd726b377629fd8e529a8ea415b,0xb07ebeade19a7db56f7c6db5e15bd2583475fd962545d6ff7c85d4b2981f41006845a32bf9694b135a515b52bbec093c
178,222,123357,13151481,0,0,32019406295,32006254814,0x94d1162e18fea14802debec960f4d573af2d233c,0x97cac9c4b259b12888e5b8f569d9c9e6f65cd133bcbf82157fd4ade8d0a4491a7ce2fb57d6d0440d77f2c76777eb4211
179,223,123922,13151155,0,0,32014837830,32001686675,0xe1eadee0972f1379a32c3635b27bd44ed15ab9a6,0x8c753ab4cce5717d8e9507ce45b6b2ffc17f1f88a69a12c58e1cefb0a932ea79329f7619d250db602035bc3430b9e578
180,225,123631,13150437,0,0,32018035455,32004885018,0x33189e4bf66dcbb1318a0956585b229797894ccf,0xb0386b3fb4a0be7ec7db4adee7cdea26c1434e1f316cca8e71bb5f999f23ba910aaad2c62d26eba796c2040284bc8b0c
181,228,123677,13148148,0,0,32017692481,32004544333,0x52a6b6b8a46d3fa3a4d87e2f19defb75fef76c94,0x8ec2a207eda980ae259378a55a0574baf1d0be7e4b06df65e949baafe23b6380e22efdb2eb00e0c02abee6433fd6ff84
182,229,123096,13147382,0,0,32020660671,32007513289,0x0b36ea414dd859d0edb24bea04b3d5b17ba19338,0xa8f854c376267465cada054239d935e5b58143cc89a721de30aec1fd5e5342856887404e3e5e9c50830842b2475823dd
183,230,123550,13147350,0,0,32018241652,32005094302,0xb8db2748674511b86c05467909f46318b4e16f7b,0xb9b625f97ceb3fadb89c7f6c8a0505d02164290845a593132813002b73ec58f4a795addf01078c8c704677e339304f69
184,231,123618,13147114,0,0,32018051109,32004903995,0xeaa7711068a3d3fef958f801b8501eb9d83cd2a2,0x98565979efdd4dc4cc02b567e1874aeee7b2589e35bec89d33b9ddd1bef9676f98e2c131125c442616468bcf1fe95077
185,232,123443,13147083,0,0,32018960013,32005812930,0x6e158a6f6caee5fff98f8fd3d2d816a216ee739d,0x8bd12f80f7e79e66c17232eb9af943e307cc81692e6e116669d27e2135e54d27b9c0763cf314f1f59426a60b632150c2
186,233,123396,13146339,0,0,32019261612,32006115273,0xb237adb898de896b263c334bbee8eee7df414598,0xa924a0d839ec45e94fff38d22b60af7f5611f96e7972076335f5a7924a5621e425f7ea279b222b603b3afcc51cfcc2eb
187,234,123554,13145407,0,0,32018330404,32005184997,0xdcd9b91e3446baaf3279561236ac903439e37a02,0xaebd53d85d73f2d726e50d77c7e09937436099021a5b97e5912c51f215e24e81c1fe7eedb547bde42893c70e64ae9ed8
188,236,123375,13144938,0,0,32019370912,32006225974,0xd2c8199595a7d3726226bbfaa536481cd1ecd6cc,0xb321af821577a8a57742fe3c0cddf1032f7cb6c3548f6b898c88abcadfb90715f371f99ea778a7dfdfcc713c159d60d7
189,238,123728,13144024,0,0,32020602289,32007458265,0xab82da12a7ea7568b8a23c742e988606d256d91d,0x8fafe995c32d572ce5d33522578dce6e74e34ae2b5b6050cd9e00d93951c7aa29e9b0782903b06d45edf00bd0489b18f
190,240,123232,13143371,0,0,32019965913,32006822542,0x7732267110d7c852ccf1756e33228c9185f122cd,0xa02b9fc319db8093764a30a7bf94b4857682271f22f867e9d6827d4103c7d71646f9ec4961eee61e49b45e8b32d5277f
191,241,123905,13143282,0,0,32014939453,32001796171,0x4cfde44716fbd4a357f3b3ac4be756aae52920a2,0x96f5da81c9cc4f2fe9f4574453b4659fff82d343779f731009f89d674edbae01e4db0cfc0266d63065a0f4e566b9654a
192,242,123347,13143088,0,0,32019395361,32006252273,0xf2ef5efa034d952cab7ea7d70bf991a0254e4c85,0x879b14635d8a3583de434e5131ec770b76a465a7e60d84861741826f2d986150a53cc9ee8de660323b554e44e151a7e2
193,250,123712,13140394,0,0,32017443263,32004302869,0x84e5ec84cf151af780abaee6080dff64d5bf0fce,0xab0ea18dff6442b81335433c80b682f8ea41c4f43192e6333225ad11292d46ea676779dd783fb64ee85cb318b1c3d7dc
194,251,123860,13139653,0,0,32015154195,32002014542,0x70b6ee2317871c898f060552e040e9b135ec7743,0x8635a5c84f967ea04420e81f5b47c6139f14e449f5c97e9c7227ac428db82d9216be7e245bbd52309ddedec074d2fede
195,252,123968,13139013,0,0,32014476287,32001337274,0x9b27f8bc1eaa7d8916e85cd5f73431ae32df33e4,0xadb7b8953049968e17723809a8f63e5197811a3035bc4ff1492115c87818ce128949b3f5e44e681d284b10b42a4e9546
196,256,123700,13137576,0,0,32017522398,32004384822,0xfa624c702be4e502410b2cabfc7a9a574e130f36,0xb03b392a12e767dda2f351a55769d49ffe6490985502487d582e2bb523680c462fbb97584286aba753ae70ebc6301d7e
197,257,123570,13137389,0,0,32018243627,32005106238,0xaf80e88b0d1fd57440ba51cb48e5e5329428b785,0xb79023985a5f714dd3a6e29fbca27d5ae38ba7fa0e8366055ae8b41247a63ba24972d2d18bef0bac8c3f21b62a191968
198,258,123302,13137323,0,0,32019681304,32006543981,0xb9a87b4ace81415239caf9187995815673e234e6,0xb6f86713e267138ed110da4adb47f6692c328a6ab0e355a057a794f857ee3a4d11a267e65e85e06cbfe6e4087073e068
199,260,124092,13137109,1,227,32013137109,32000000000,0x9d1658d8ca6ad26b15b1daa90bd026481baa3e3b,0xa328bcd91811ed6af10b0e5cbbec4a400dfac487b2d31acf024e981ed58d43c5ec80b69abb3a3e99c79d18ca39629717
200,261,123234,13135786,0,0,32019770615,32006634829,0x6839a80a8f8b4f098f36599ab1eb794a31044a10,0x8d8f8c90885f328993dc7eb03ce2818d7f7ecfa3b23100f83558c4adbe0e92fa81c0e044c5711d93a0983f10d92a9678
201,262,123555,13135250,0,0,32018298349,32005163099,0x68ab3ef8d21d20e99282f616c5df54102720a023,0x97d00e42cfb4e95c23218f5ea18360f3670719dba0bdf180acdca0714b7ddf5c1d0ffca8c776ff48a7a5526330139d99
202,265,123361,13133459,0,0,32019354895,32006221436,0x6501969cd31b4a44aedf2c35793e6d1f5d8b3d45,0xb07c81757b85568536683b80792a1312b0df74880adbcdc097e482ae70ecedd98de06f43e15c9f3179e460c15f8dcfe8
203,268,123817,13131105,0,0,32015511308,32002380203,0x8f756a83846c54ad75d445dbfe72fd76d27816db,0x9495c79116c7b93509be645d10e7a18ddc0d8584a6e6eb9eaf2f0b7465928427752f505e08ab9d82435fed8c04cd8048
204,270,123106,13130368,0,0,32020728733,32007598365,0x6512ff8ef532c91be4ff45275bba3b5e81d0e266,0xa3d37a8e7863d2d43b46b07118e906454697b6b216d63a44f49975690bb215086169831a67401a80e483a2847e0b9d4a
205,271,123562,13129920,0,0,32018306681,32005176761,0xbe7bf77f2cf6d586e5f18af1e55f5049981d5245,0xa4a55ba3a9106fd6a317aa0f886523606f46f1808d1be346b68a20878844b681cf3f21808aed5aae762f8040eec05ddd
206,272,123465,13129817,0,0,32018836989,32005707172,0x59ff430222fd3fd428a001fad3d7b1fc5c0b0e24,0x89719e81c9aaadf05a7b348e8405d9212aa9f15508a15ed3a3e26caa8532dbbc584abe312564dafd258d07388f05098a
207,273,123568,13129475,0,0,32018233445,32005103970,0x1f2b92fe1928e820aa100dba1a63dd37decd08f1,0x9821e07b2d1b195f20bd02336cdb6fc3812eea3bddd86e5b923bf3fdb36aeb38544bdb67ae49ee45a074e4c2327c412f
208,275,123478,13128028,0,0,32018772087,32005644059,0xbb413d970d30ad1b6f2074a2413efde55eb78de4,0x8e6e518ed80e501df142cc57e018d60c3b2006a68f3b27769241faa1499da56e387622d752990092fcb796ffbf183a9d
209,276,123826,13127934,0,0,32015345376,32002217442,0x6faf6211b29da72cbf5e99987b3ce8c70d116e2b,0xade1fa396e4ce59018b5c2e5c82ecbd86f8a97b94898db89a4fbeb146ce5b274c631dabca065dad94871d98e493bb3c2
210,277,123095,13127142,0,0,32020724830,32007597688,0x706aa9b3bd8773068e346ea2d04ea0c59a84c45a,0xa1634881f67c835ec471d7449011119348eeccc5c015ad9b0d2d71f471ebae3be220e362e2182be2a53c44ed3f998dc1
211,278,123481,13127140,0,0,32018539601,32005412461,0x2d06ad28c0306a316e25bd13d9c9ec2d793d8eda,0x88d11e7695d9bf20ced6fe1b3e0704903a3c8d7eb52d83d758d51964073d907755d89b85c56f59cd544e84452c7c0414
212,279,123632,13127049,0,0,32017848265,32004721216,0xc74d68f016ac2396ab4c7a3262cab2dc9f19733c,0x81feb0c1c38d75ec519374a6059d3278383b32d40f3052995e23da74939590e5a5c8a54cc9cee3cd00f342c61ea61853
213,280,123599,13126716,0,0,32018164012,32005037296,0x27a820b66356350bdf20dbde380c53b3bfda28ee,0xab90c5e35ea304665b0994062f19e5378b253dae44ce438a71ea00792c4db9d8f9fcafdb1096b51d59c8399d318c52b0
214,284,123373,13124463,0,0,32019305732,32006181269,0x0ca0a8359862a7dd2ae5b3d7f766b2cee2053525,0x857aaa4a950f23ad75ee7f3347ab72344d27b6242ebf5116b7dae5931a72ba5c02c2f80ccf5638e548d8e0d4f49c0e04
215,285,123328,13123917,0,0,32019399111,32006275194,0x42daf6c38167707140ddd2546a2bbab127dc2a3a,0x8ba0992b0031f04faab2f076565fa34b1d996a9d6caa39fdd51dd004fe362940fee58e56ea70467f264f8eff92013baa
216,289,123865,13122373,0,0,32015144822,32002022449,0xcbeb63cb5a57d4c2914ffb23f76ce9c96f103167,0xb340de47d1493bc9073dff52f3c57a7be3d433bbb4ef17310a9cef993af0d0aadede16663cc76aa9e12ce3ebe076e3a7
217,292,123049,13121185,0,0,32021006509,32007885324,0x81fde731740c938d51dc1e104e1ddc41ff32e0d0,0xa70696ae6d4fc7db69fbb6e0ec517b00c315c39fe10f3200398daa5c1c18507e405cb3d7fcea96d33529dc99be1c3e5d
218,294,123663,13120488,0,0,32017653961,32004533473,0x763ed99d798fa0b7de7e789ae5b4544618ac19bf,0xa7621f3671dfc947a431b80f913ee83b87f93069e570b05564e3932415bb1b424303b531476cff7f52dec4757654dccb
219,298,123223,13118915,0,0,32019958851,32006839936,0x77e88c6b9c638c087944752927ec5a5b5dc564da,0xac752833736a3c5d24049ac2f3a333b54eedfb43f3f95a2092b614cdd8dcef4b1bd3d05e5468fc2205a553ccac3621a7
220,301,123627,13118492,0,0,32021569793,32008451301,0x70b4e030b2ffbc1c44c7ee1bee17b26d34b167a3,0x99e9e05aaa057cdefc850443c7d04a02c1e095551d005328085e5b6a5b7b86a8c543da6e4c3c9ff537955efb3f234195
221,302,123317,13118416,0,0,32019599592,32006481176,0xf2667438a7bcec847ac58c4ca6fcfc68c152cad0,0x8295c3570fa31f4ff74ab6d9f34462c233764c46cdda8b066e6a4f33f1e1ba6e0b6c1012beb4b3317101422176d50724
222,303,123748,13118226,0,0,32017263115,32004144889,0x5f509e56de09b03c0f1dfcdd6b63669b46887245,0xa6573dee22e68a4b0881b2f194ab3250c3ea58c36d73614a91ff691639e9faa640c7a38f021bd480980b9bac7469a0ad
223,304,123351,13117755,0,0,32019450022,32006332267,0x0be332a7a67561785872f0c602bdc991d0331ccc,0xa573f6bef657f26de59f6ba0e6e25c7bfa7712ab655aba9d54567d007bd7e11a68038c527aef453eebe424daa84a34d1
224,309,123434,13114617,0,0,32019065016,32005950399,0x521deb0d352d70868a6c3952b3bd478f11eeffcb,0xb9cbc6fc4a2c1e81ab3bc37ca2cedcb31951d21c2dd668c754a425161765fb34b64cc9467dde099df7cae3a80f5911cc
225,311,123091,13113902,0,0,32020701087,32007587185,0xd529691c50719856b8b1c5f3d6b4af01afa4c958,0xa00f2584da869128180e6e9da034a18a16e3c6ae9053ddd6bc8c405fb40d937d0c0899740ef8ad76281454bc1a9b4082
226,313,123087,13113656,0,0,32020806904,32007693248,0x54d00e358085df08e664a009b37c6a13a36b26c2,0xa844e40d68b8dcd5c6c67fe15aab3ed07ac06e390e0c1a26d73687e3c376409a573763c34079d90a666d022a9c1212af
227,314,123055,13113418,0,0,32020798608,32007685190,0x5b5b4d4f3eff0f72518de4d34864370d605d084e,0xa183028e33e033faf4d6e7eec3c6797711a68b39d45182c662d9c85e4b7b70bd09ffdf450314226d8c444fad0e1831da
228,316,123103,13112717,0,0,32020793639,32007680922,0xae8f726801ee4a38de2a2626a53fe258f07996ed,0xb5b69cd195358ff8fac73735476c6a66163d0e0391cabff8d5b3cd59d4e86f212825d240d4c159694e66904653ca1d94
229,317,123093,13112572,0,0,32020813009,32007700437,0x0f7af64ffcdbe3af1fb9bf55a25655ea0c69ed02,0x88c49b56d60e4b0745962e95fe53f8664b72cae5eaf138b3b2fe51b80ccb1dfa9dc5bcb45a03aad1eeb5387b22ed4c72
230,321,123590,13111569,0,0,32018173396,32005061827,0x3771470cc1770d0a0f461944a483b59c27c72094,0xadf0145529d260d33f379df84e6008c0c853739302bf74a3b0020067b5b5ee63a7c66ef63ba102edd8f4696bd801beea
231,323,123591,13110781,0,0,32018243426,32005132645,0x9cce8fb782d67368c202214926310e3e0d093145,0xb712e22fcc44898df0dbc55dea141f239d889c9a1d4d32386e44f1ed3ca3842be37c7309a34a332abe2385872133bfa6
232,326,123908,13109782,0,0,32014861302,32001751520,0x7f6655b7ef3f6c2330f7ba5665ffada59422884b,0x85c720ec40abb7e861abddf343589ef97b6a366e9996437f7d3e13248b1f3838bd971b9757bc1fa7089a4a82a63164c9
233,327,123107,13109605,0,0,32020605660,32007496055,0x2b5b1738e7fa2a0cb655591d4e8db58f59ba1e96,0xa7f42c4d03a56edee9989e55a5ce7c0ef2e2669c6dcd0a2779171751f39d9ee4bd13ab4998730c8b8e02072b7c9d273a
234,328,123108,13109372,0,0,32020664524,32007555152,0x8779c4c60c0b4201351c073eebd490cd2238e582,0xa3c8a71bafd1d061dfe1d8181ce196a961c61a99206c657c7d10ce09db5499e2bc696a639f87b8bbb890a899f03871eb
235,331,123710,13108837,0,0,32026808041,32013699204,0x4a77d218b0034a1ecaedf7a068d2ac01630e5ebe,0xb81d9648f0001366b059c63a1be2c51f748cd29576fbcc8f7e3c6c3685bf304b43a796aa78f61f0b0b9b6122e3fd2974
236,333,123741,13107076,0,0,32017327166,32004220090,0x7619a3420ee4a7dc23f637b2e403669682d6a9b3,0x826881709a41188f56f095d6383b1144073b918964c026cf3f8ccb57a7fe18e48a01ef8233920e0641f1cd145989bf43
237,335,123482,13105920,0,0,32018631689,32005525769,0x39d16f71d6d8c9fdc6fafc0352900c5d74351f1a,0x8bf59327b4c93a281b8bc7e74e853632423fba49ba61c883b1cf6406ce009e1212bc0a0da8f749b2e8f60fb48c6bec0b
238,337,123069,13104674,0,0,32024043920,32010939246,0x57e7ed3da18d30aeef02f35367dcedfa88b567a4,0x8d04e490a7959759987b7e915150c873483799e43aa6ae7e137bcd27bd630e2cec9761c56eef555911f97c144c7a3bd9
239,340,123773,13104179,0,0,32017038668,32003934489,0xbb82258802c536069cd444821f0a0e666695faa8,0xb09113f55122c18cc9f5e19079b6b3d72d1db881aea5b49027e68613f0daf2f6b9655a2e2d90a3b4e731db8ac9619b84
240,341,123391,13104128,0,0,32012897630,31999793502,0x915d327bc8d9ae9905f7dee4a335141916a5969f,0xaab589d6b8582c0d98901c46a88151278ebdcbb3c73e2f291c7f9ea98fe5d3f89c66b80b3c751fe47cc6762e06bf8efd
241,344,123472,13102547,0,0,32018627414,32005524867,0x3d326bac04b67cd9f12ca40035bd2a770417e572,0x92bb000c94dc3d08249a191aa71d10d0eb52c10e045e5ad53bb8dfb981a3c567367af0c81da251c0c3f4a323f68f4dc2
242,346,123801,13102291,0,0,32015547606,32002445315,0x373ac5158686c025964b1e5d37755fc368304e54,0xad78df1e655b79b36cdc2c0b3c1804ae773b1a962f2c342f355a171d8dbad0d1920df8469fd98365f583088363969fbd
243,349,123709,13101726,0,0,32009142878,31996041152,0xde888f321be9a2ca96e1565e8f3d12f221992b1a,0xafd0353097dbdfed942f340b09463376bfcdf18551d67ea39c0dc98be5338c312504f4d931f6406373799ccaaca14967
244,350,123758,13101577,0,0,32017179001,32004077424,0x9f2129b00a76bdfd5c08f20f099fb7868a01511b,0xaca3083466e33c1ec55773abfe686d6f4d755b85012ba13bd96a0dc6677b1950e2bb087cacab79f963b5662e47a57547
245,351,123859,13101517,0,0,32015181421,32002079904,0x4ade5515303d36758b41540334410301f9e4b4b6,0xad2af9088eb6150f83aa53ab7c993e4e3cf99392f8db4c0628ede04d926ab7fc2f16af3d6994692914058d76fd661908
246,355,123679,13098368,0,0,32017604075,32004505707,0xd84d55b9a1875dc5929bf540b0738014c4439391,0x92ba636248059bf7e7ae98cfce80dd7252e625d16187f080c71fec23787bd6762e83b5182d585882a1abab89cde774ae
247,357,123964,13097664,0,0,32014422084,32001324420,0x2c16c52580e36c394738f98e1624b13dee50b7d1,0xb0b4200e7c86f81295cf3287bab2574c3de02424f83b440e50aa8cb77fc877f869c8ff10c43a2ef4edf3480c04211ba3
248,358,123219,13097130,0,0,32020027393,32006930263,0x3049cca578cce897b37c12ba26f149654c27cc31,0xb282be4fee995bcb3dcf27d2fc244e16ed3937637cf2cdbb71cebbbf2f57a1051d3d18146508d65ef6fd3ac2ca546343
249,360,123071,13095599,0,0,32021008827,32007913228,0x402c049b925dd377a7bb6eb81ec2ff936fea1313,0x8e0489e25190aba076e41e41252366691473f5531f1c01c717f2ce5f5bcadf0ddebd39067a451387a082ff5afe28aa64
250,363,123483,13095069,0,0,32018665311,32005570242,0xa95efed9f2e010d956b86870c450c69eac554c18,0x95bbf4e662ad7d1b6b6422edb4cc1f1eabd7a49dc7061134aa246474a33ff63f53c10718773b03038a4aed48c41c9bd5
251,365,123104,13093798,0,0,32020702158,32007608360,0x34543ee4c5815c9b588e88adc09331b8bd075407,0xa26311e1d40e2f0365bdf033396a80cba858abd2ad0f5a4ae5b1f5568516a4ca095dc6c1644c7548a4b77fbd1074057b
252,368,123529,13090940,0,0,32018382038,32005291098,0xd8f9b6bae3a9140be9ee4aaf099e3b3c6993b2c9,0xaf51095644849dd396971cb8634fd50975a620ec9fc9c608d5599b7d0d4e5ae3f270e1b5dea7adc520c148900c6a4f94
253,371,123099,13089664,0,0,32020681267,32007591603,0xdb0e833bbba3afc441428520478f1182e66cd781,0x8da87db518fed3cfb24034c252bbe3ee7891691974d10f997f50be335ff0d7c16b7218ffb267a80618610cd1e3eb4ac4
254,372,123502,13089440,0,0,32018597362,32005507922,0x79fd4f7ca658d4f00781401d6ec3ca8c4c2022cb,0xb1bd44161b6a6d24f05905ecf18b21b4d12ca57c38d5f701338522af4acdf9260309815d51800f0431a95893358da085
255,373,123318,13089107,0,0,32019240187,32006151080,0x73a1838dc1dea58f46c2d0b20fb1d8415a9780c3,0x9044a0cfe70b9272bf8d9038128b6dabb5ac2ef3364e3a3c86160858fdcf57fe05e3f862275ab8314f128dac4a082ffb
256,374,123306,13088931,0,0,32019452075,32006363144,0xfac24fb0536ae6e7eab0d167004fe6abde04167b,0xaa8f9b3d109e6549804e10b77244c52a6e858d15de364b0f1adfb3d8946d7168351cc89284ceaca984961162d31b731c
257,381,123857,13082083,0,0,32015115452,32002033369,0xabca4c1526fe7953d02fca403941773576de0919,0xac9888ff71b000448e73091769f1b6dc36a07c3055b006c4c6cd4a2650b0f308038f870f3b22e3e3f5a325cd2fa35487
258,382,123516,13082049,0,0,32018530736,32005448687,0xfa95a508c3785fa6ff3440e24c8a6257c56cc7bb,0xa9c539360a4722905b4d0377327b4105ac2471a2dc323a0f68a738e910b9223edfc090793b7009267b5e60c54f88a0ad
259,384,123804,13080007,0,0,32015533938,32002453931,0xb1ebe5d3382e3b7344a34a99915c326dda215bc4,0x8d602daf8c0d577c52bb0389a3fb97811b2ae03e7f339ba29ab64c9a440cd362eef1a28a43a3c2ca1b3111ba4bf8b13e
260,390,123102,13076859,0,0,32020654454,32007577595,0x0617bd4b2c0ce23b64fbeeb676d75d04b3ada87e,0x80984c44576c7b847efd7b1b0dd1edbc4fa8e7faa5839fa94db3b8f0ad5b862ee5e8ec146732267c576caa130cb6662e
261,393,123754,13075704,0,0,32017107264,32004031560,0xb9313f94607be76503b4fe36f261840c6aead9d0,0xa03037e23280f8cf96e2b28c2a2b26c16c704c924783f66abf17c64c189765708b2c9d61935be142e72449310de52ad3
262,396,123805,13073025,0,0,32015581536,32002508511,0x9ac6ff47ea5a6a30be211ccbb4b8c488f74de778,0x873e723c1e6cfcaea618a662b36626dc45ea5930ce5b7e54fc386995cf6a421c692ec37ea3d7f53f00eaa5954fd1b96a
263,397,123936,13073007,0,0,32014583491,32001510484,0x1cd7aecdbd04ec70252e5f15c7b9017206c017ce,0xa45cfb452289a19daec6109ad6502d7c8edb024e2b58ea3cfde87a9259298eaf02c982998b85cff601e034de9140cc90
264,403,123549,13071262,0,0,32018195915,32005124653,0xa05f233eccdcb068bfe7cac35200aac0fae3bff0,0x90926a103341c78295ee9db4010a510ffead51e2f4a58aa361578402a943826d36ef255cea4b9b1a06040fc611d43e10
265,404,123547,13071177,0,0,32018255162,32005183985,0xff6657fb62d096e48df19d3fac645b3f250b73ba,0x920b575c34fdd0ebe30363b80100f5c24740197cd51d90fdd8060ffb1e89823b8beb9c286f3971da8292baf64468d299
266,406,123751,13069625,0,0,32017176185,32004106560,0x0df7def76fe0b4f7d6e96cc68584c5d01e94d7c1,0xa24f7f627d5c61e6798857f2f3b81b8177b8cd19e943164e7416bd00fd3e838ca2ddb4e84c2888c388f4fd9b285ccfca
267,407,123619,13069398,0,0,32017982513,32004913115,0xf403172eeac76213f82a5f622d5858e3c8b6de81,0x8293d0cbf8e478c97829b8b936f17a7605f03bfe92498007cb89acc9d301d0602946f649ea7d42e74deb7b6a66ade299
268,409,123593,13067016,0,0,32021041644,32007974628,0x067b9c0e0afe665fb7b74af8db737b44a212177d,0x85514ddaa986fa619a17694872005f211a95fc8d3d9eb480e4aa336336bde8506d9295c752c84e36890afe11dc78fec5
269,410,123497,13066620,0,0,32018579448,32005512828,0x43bb70fc8356b16ddd7dd1b831f69d16cc066a3a,0x8b02851240f47ad183b77029d5f28baea4ae29f5458e1c1d0c4207ae36e1d24e4a17814c64edec69c9d7e290c65558f0
270,411,123816,13064773,0,0,32015386736,32002321963,0x8a5a986d11dfd812c88b8f131bbafe306b478969,0xa560bd2a38f06a43edad7d006a825360d8b97f4273c503a9575c2b46a46fac2f6300be92e3abd036ba6cef9cddd194f7
271,412,123321,13064359,0,0,32019320986,32006256627,0x5fb7e9f38011fa3b80c0b3a9fce835c2f749c025,0x87d51441b9ed52b3e3e9540dd45889038516c02b2afba8def65e89274af62bd2f6cab6011f436974680fcaaeec10aa89
272,413,123621,13063122,0,0,32017904277,32004841155,0x279c892564903948316bf6a407e6f2185006378f,0x81fd49e75b98f760fede87d7434efb3c7f935834f2ef556150eff04e4a2952692019ab0ee9ac57ca4024a0a516cbbb75
273,414,123625,13061750,0,0,32017934234,32004872484,0x4a9216afa5f8f63b7efc83499227bef7eb7e0ee2,0xa65a2c1d903519617b6e266dcb703630bd462c4160556f182dab9f0a9753f2659b4fd2b8e9e51b7eaa6035f1d2fc802d
274,417,123470,13057213,0,0,32018700064,32005642851,0x5fdd9e2368e92d7eeb7f4ef67df592d75252abd5,0xac6d251c5e100dd7089115e4c5fd11d4eeeb6e7142bdf6c34405adea71ea54e22213441697806a26581f74cc38d7a398
275,419,123720,13056486,0,0,32017314497,32004258011,0xc407d40ae029ad0b3471b52aaf48ee735810328e,0x82bc47446b98e1e1a6cde460e5b1188176ab81d99f63d37f8cb5c3309ad683ad1f71650ca2af9b06361bc741847f2cb5
276,422,123855,13055920,0,0,32015183856,32002127936,0x0fd6f3f54b64d8be5b0846b6510ef052ca79ca47,0xb6878f835f9bd57eff5c97222917e0dd3a42056a9ec16254b1d4c9526b72b70e6e25f3b8d126b044e68256aafc171e11
277,434,123843,13048482,0,0,32015202491,32002154009,0x73cf13dbf6526a6147a55de43d054ec2ac32ff52,0x87e14daced617f2748b372f755936b2445e899a2852399217aa2c3c900d4e00eea7014a832323a37f288836bd5a5103b
278,435,123641,13048299,0,0,32017833084,32004784785,0xfa47787a63d326d7919b3773f4c32930ba1440d6,0x8a7b64ff5bf8f3fdfae3c5de33a44929aa4dd211efa097d15ee297170e26d5a873b127aa2de8b7a43ed7c0f870497527
279,438,123912,13047938,0,0,32014770674,32001722736,0xaf51e73253ff2faa8ba8c90615831014ac3a7717,0xa4cd64fb05229df4d999cd9aec0f5340b3fd3cf2f5d1909868f1f435188c034cbec82eef49e7e3f564bd26c529f7e52d
280,440,123346,13047076,0,0,32019475438,32006428362,0xa3d0baa8035cdea72e0dba2b5626bfa61c79f6a2,0xb6bcac1bc420301b796bb8c6f03e41267a59010f9798be4965eb69d401fcf57be14392dff548d1ede9068c91a7e73818
281,443,123342,13045359,0,0,32019332571,32006287212,0x3962b5e5f6a46eb1404bc78631ac8ad127c4c348,0x81fcc95f66ba80a155e9a8a2a57d7fda0a831a5cd11012e399b0cba6ce3ed3531b1d5e64b95a9d68459dd90f3787139d
282,455,123883,13040408,0,0,32014973158,32001932750,0x940fa3d510e240565982baba996a62a4f28a5dea,0xaf0a264e42af174061245b42a30f4febb2ea6a719c39de685c2da8655d64885c274f9a2e60c6ac5e353549ee352efa19
283,459,123603,13037865,0,0,32017963005,32004925140,0x296b0b8ee6015f82ea8afcf078d505a945cf4c00,0x94f58a395bcc703fc3bebeeb4b538bd0b9971e5183f98f917de3956c7a138248b42c29c60fbe5b5ee7d1b1f519ddd2a9
284,462,123546,13036270,0,0,32018283299,32005247029,0xcfdfd2e48f7aca0d3687256beb44fcbc2d87068e,0xb73a1c727fefe856f6a12ff7fdfc116b31eb40c01f5f9759ab01c9d1a71f7ee3f7bd1bf6686d430728d63e930f46c7f1
285,470,123097,13029798,0,0,32020638743,32007608945,0xb1255a45de1ba5755a2bd68e6725c14a2fc5b422,0x953e4cbe4a7c9e840ddac2a57a9b5c605f0cc97e08c35f78dce5bb8c81d059a7becdf3a6d01817a163705e6c9a43b673
286,472,121591,13028602,0,0,32042224474,32029195872,0x68498b5bca2049133141e4e9583114b8f0b0189b,0x98e68eb34f71bf264294e8e4f5f650782d025ce0fc6d2100edb60dc56ebac4620a697e3cdad800e24a85e4896bead67a
287,473,123349,13028204,0,0,32019412165,32006383961,0x5f19dc21545284060be7aac6f332caa2a54722d7,0xb5109d1b55b66430f4656cd09c778e7ada2a80448202b854d231a3b28ee66b987c4889b870533173808f735874bd2a7c
288,476,123861,13024556,0,0,32015089119,32002064563,0x866de382f837e7f3b4a42440ce1a396a88407c46,0x9301dc5ac77696874d1005fed2c5d640fb6d80988fbb13cb1f00b5b5f116fc7ace2c7dbfdfc327a484f7d065474418f3
289,477,123486,13023343,0,0,32018607993,32005584650,0xbfefab110a22ec081a6406eb29c3b2491414a099,0xa48c91fb24573e4ee083558c2b20a17ae00be8b19815204d75e613219bd19f6d8decc67e94f8a58f7a9e6e5f3803a0f1
290,481,105434,13021148,0,0,64283216771,64270195623,0xc640a1159fca4d23f56b746c3ba1532e6f0276b8,0x83de0232c0d4b2f84eac7abc471978027ea6024f9cdb731521edcb37a98d0bb4b00412b0c52c762f6f4d1b60fd883121
291,482,123054,13020664,0,0,32025973525,32012952861,0x6993aff5aadf101de3ca2076b8ca19d8784ec9ce,0x81f00c04979105fa324ad9b4e10b74e57e4685bb41982f9d414071016a03801d44427884998ab1a57914e0c576a83944
292,483,123101,13020512,0,0,32020422120,32007401608,0x604514d620b9061d19ca6f35ff7cdf8c9fd58a4e,0xb5821ec6bdeddd363d65a332a0d62a6c8e7252e1c1e0858dba03e29831fb8c88d499d926b316c2e51f07a099037e1710
293,486,123715,13017733,0,0,32017371101,32004353368,0x50799e0098c38d34c9cb1f20e07670a7f1d64a95,0x935f364c9cf2e9803f65461a231f714e9882daba55d615cc98c1b5fcfc560ef3a458d890b6132ea0e93e248d05f2ca85
294,490,123954,13011932,0,0,32014464298,32001452366,0x24d5ec8eddb8ad36cf0d20422018f879d9a56b67,0xa4d8f98ce8f24a5a31be390b81bd05671af36832ba6d6cf27e71840ede4bb3837d1350ddea2078d0c3ea65cba7457629
295,491,123743,13010728,0,0,32017187470,32004176742,0x7838103c2275e4dae2fa030d3f2613fe0c5418a9,0x8e74c790de1f85d5e6c439c0b8222468e6b1186e44d3cdb193b8f4c0db5eb7f09d574c258a8be104c6366011b61fb780
296,494,123585,13008263,0,0,32018155407,32005147144,0x33ab831d5f5dcb71bae385bf4ac7d014e6e978d1,0xb1e5f4f37a480e28858f671ea990357c434730f7af7e26a07d42eb846b9df1e70f36d53d98248c92e640a0e97a5625c2
297,495,123839,13007936,0,0,32015140527,32002132591,0x4d824d9604b183dbd161aa33e23a225108395c8a,0x970255f203e7be104f37e1f3d7e5b7c5672f7466a79f8d5e7166b2761cb9107051ea56409d3efb070e855ecff2a615e6
298,497,123092,13005168,0,0,32020762152,32007756984,0xb8edd43a8d83ddc66d376323ad92891f67d60c93,0xa113097f14a3c8662bbd45fd02d0f3b2e363ae99e169fb64186fb93cd5ab08e72ccd0639cfe26b74d812a2e6ae215bb7
299,500,123957,13001844,0,0,32014381154,32001379310,0x424762bd0d1104b86be316ac6056b68cd0de0d4f,0x8284165019fe5b791ec402f1b2ede63791d4c1f72a18aa8c063f00f0fde328550772cd3804368ce7a09bc94fa8095d12
300,502,123828,13001118,0,0,32015250717,32002249599,0xf95c909483b0de63a27f17aa1fbbb31a750ef1d8,0xb76afae2d8c6471037c16d475544c1e03abcc88330ea8fcc78d8f8bd2dffb482ed85bcc481adc6b24247a47009819833
301,506,123098,12999194,0,0,32020654467,32007655273,0xa1005c2f57b6a22b56b1b76bff4f67d7468ba035,0x88c7d4ad279cc03ceb0ea782a0830b69ef9be7e7bd5198637ed9ffe2b649128996eb5437c753f41f1eb292df7f0a284d
302,508,123953,12998025,0,0,32014431977,32001433952,0x809c740b7b7513f2d51b9f4091ce4e7c93be14b0,0x928a72144181e84abd97c54fa50e05faa579a08309d75f617efdc4c44a7b6cba4e5b4fd1006a1553ddbc1fde69bd4cc8
303,509,124066,12995891,2,169,32012995891,32000000000,0x74e9bc3427f4a83dbe872233471d1cb0a3b34701,0xb757f9a7db5f5aa79739596ebafca04ec593286b1df48146e20ed27ded043447a3ee30ebdde7a266b4f96de0eee7796a
304,515,123100,12989679,0,0,32020533958,32007544279,0x9217091ba1927e061102565b6a957b0317265059,0x8c5eacd43e1f6f1c61df20c4969e781a1aa4ce1eb7f1d4ad0ad341ef4424d140e325a74501fe2c21cb0f663e45476356
305,516,105612,12989546,0,0,64194685392,64181695846,0x2aaeac592750cd4b39e118f0f1dccf3389c4a0e8,0x81b219eb0b5007d9291b109f7aef8d76f70c9247a6afaf844ef2be7086dedf5430b81303d012e030cd7159b74fe5c941
306,517,123966,12987903,0,0,32014298894,32001310991,0xb72a1cc64dac54a6d65f38313df64bc19c2c44cb,0x97d3bc1b2ec6911f765df6aee22fc43947b168ca8c992ead4647f049bfc53aeda97bbf973c63e7c081dd8bf6d651b721
307,519,123744,12984805,0,0,32017141001,32004156196,0x383016480adbe9fba2391ca8da0646f8cde09136,0xae76c70992cd3ff27d1bd65a8dbd2d58628a560785f90d2ace30a9b71ac1e4f17e540bb263f2bd296ef78a2202204e57
308,523,123139,12980112,0,0,32020459451,32007479339,0x8f12676ed139f6ac1cca8e311f43208d3e5b3f14,0xa908e24bbb048a7183e02d9eed73c772f64b7dded5e0e108ab789c05ee54b2f97b06237bf38838088fff81e00c54b8cc
309,525,123662,12976888,0,0,32017574243,32004597355,0xf8ced29d9fe13ae851c31b298aec88eba0d89ede,0x901d47a0af88522f0d4253d100e77494b693f1ec50b52c76bd01d42e91a5cf742e704f65421695b9c4be497bc8847434
310,526,123832,12976728,0,0,32015164022,32002187294,0x15e96a14ed7da0b9e63e95d8cad04bd1ff03dbe0,0x85754697881064255cf819a2807419dd4762a8ff1d9bca26c43f2abd0aefd1a66891e4ba556c4b979f5855b03a525758
311,529,123109,12972999,0,0,32020440373,32007467374,0xc7dfb2ff8073be2008c734bc542556c5d7515d0e,0xa8114ea24675291009ad8ab641a254d5fb219607cd4ad593312d28a87b91aabdc3191df50a859c062a8f5e315e4d378f
312,531,123407,12971078,0,0,32018948570,32005977492,0x6cfa9e52be1f4a3b473f54978a886aa7d06df936,0xac846207e40da88f7f564b02b261a71ce40b74d5edf9624af940d9f4d4fc18d9bd73867834c08270dd64f0b77b5b61b9
313,533,123652,12968171,0,0,32015066259,32002098088,0x5eb4fe51b146b03bf7b0593a184e558d9a418719,0xa576cb1343a9a3c67978300e5a78133aea1c1c0b0f936b98faba4b7eccdcd1cf41e31fae9b6035df3d9ba196607da145
314,534,123487,12967569,0,0,32018580210,32005612641,0x6dc8ac691e3bac07bd9518e65baa110a8d405969,0xabc5b2271409f8dfb182ac56e58def9f2c59f9c2fafcb509484cc292c80c14f4a0596e8fbde13b8fbc084672c6c64016
315,535,123941,12967231,0,0,32014489478,32001522247,0xa83dc8db3637f79fbe6eebfaf8e7017fe46e40d4,0x81a043f0ebeee4ffeebf5aef70902512fa9b1651c3027fd28ba5862ddf877eb04dfeabe33c2dfc153ac02ac498b5e183
316,536,123772,12966627,0,0,32014105403,32001138776,0x343788aa9046e0dc7485f4239b704e47304b89f1,0xb230e6d226a2287350b811357067090d8215d468368e5726c38623e2cb5d07ea642b65f7a8a52832bc2f3a3f7693b120
317,537,123601,12965876,0,0,32009689820,31996723944,0x77a8e21f1c922205d08013203b1990c071c5c7a1,0xa9facd8102a1ce0acdb340f44569522a8df94d590b937951f9d1693dbd7672eb25b716db64b71df983049a29f7a330a4
318,541,123904,12962679,0,0,32014730794,32001768115,0xfd9dcaa7200c91d5f07bc23a89b5586acb9e07ae,0xa4da8ed56aa87125238068ed4343ea6bd0778bb504d144a076b9d3b36cf86d3239fbbc7213ade885a37f7a08da0bb032
319,542,123803,12961548,0,0,32015353778,32002392230,0x7afad066efe03e85748c0204fe98ad10285bc026,0xb4e346161d664e54d77c6cf7870318a4028c92574745c13532e75d85fdb7a623718f9d40082c04c3e0735755515aa0f1
320,544,123800,12958846,0,0,32015385692,32002426846,0x2c8bb4f561597b47f0e2e53cbe45192fe953ddcb,0x86a5d03974e143f2ac324e52b9015b3d0488913e695e512db476a33bb432047a49d2e6063500da7d840330b7106318c8
321,549,123400,12948548,0,0,32019042047,32006093499,0xbf52f45fb7fd177754508dcf82755a821d444279,0x85d8b26dfc549ca34b36005f0fc876da00e806318775e1a9128180bf73188f91f49eecd6002e7ee276960e2f1a6fc678
322,554,123848,12945426,0,0,32015123817,32002178391,0xafc94d0ecc975180dffef2b41c258e12e152b7cd,0xa808b4b677a73c45eb35c267b8ce11c3c21d35f8ef97f343ff16842c1f09d5c294882a588021fc0b0c1e88512c71b75e
323,555,106461,12944207,0,0,64207604454,64194660247,0xb45565c05ff0c123c738aa6f6fe6db5cba787334,0xa25a6c09a0f46382af6017365fffd32cf37a1cb1b88c137962b049e5162cb0e11d203728e4ab03dbc18176ccd267e0c1
324,556,123544,12944129,0,0,32018144495,32005200366,0xbc6cba69cc8227a3a9335286561eeccf116ca9c3,0xb7cb6d8fa093efde11254b8685be49fc0ab606a75aedcb04bc37113c57cffa9b2f8d923aba20c64a4843b2ee82651406
325,558,123672,12942441,0,0,32014928670,32001986229,0x157da77f4e2e801778c4fc31dfb04390b03f28c8,0xab3829e9355267a806fc302b304307ae0be97afe32e2dff516c17d66109d2cd1ccecb8165ee3306052cd2f45bcfbd8c0
326,559,123690,12942414,0,0,32014884747,32001942333,0xd839f190dad231f8b365033eb4a1cf59feacfd2f,0xa2690bb01ac3d0f5220fda89fd1ba4e78d504067ed3c4961dd2511973f6a2170e68cb0016e115e5d1f6262ad66b6e539
327,560,105404,12939844,0,0,64230727294,64217787450,0x2404f78e82cb8bea3bc59a34cd5fe6a9b2e400ce,0xae8846688380a40eeb00c28bed93d062599c8f564502f86d492c73153e84eb7a18903ed9dbbaa15cf2f3da2faef12709
328,563,123649,12934472,0,0,32015102835,32002168363,0xf0f150ef0068659702f38ef5939c070b7c8dc072,0xb10c6c8e853b024c77a041c957907602b04e230a6ea5ed0f43f1ec52a55da397491b4d0767804ef2b37ae3978e3a4372
329,564,123688,12933653,0,0,32014921809,32001988156,0x5f567c0f7bb354aeb55401e7717038f8b17fb9ad,0xb18e046f1bd3364295b033794402f844a11c933c5c9b0ccdbf925b921e975a85c1972eaf0f1170dcff55b86b5da2ddfd
330,566,123833,12932422,0,0,32015140915,32002208493,0x76c85df39405937be6fe8ac1e44b3ef4ac2b631a,0x93641a58e0b77f2c7871954f936b42faa8f32803be10030b34cc2deaf6e98c5f7dc31bfb53eef86cd220f045be036264
331,569,123277,12921529,0,0,32016562579,32003641050,0x9bc242fba4e45dde003967371a62c829557f7c86,0xb1f12c7b26435c694d7d8c81d2faaa0256e138d0882f8547afabf87b78b5b63d57f0716c259729e33fa68ca99a1ac60e
332,570,123734,12920485,0,0,32012889502,31999969017,0xc0554095ac6c9a76751442f09b780f3096c31cc6,0xa2bee3e2a5874f32d326946feac19d5325492681bb99d2f9ef179fa7646ba0127bcac2fb644c22aa00a2bc74ca6dd0d7
333,575,123650,12908056,0,0,32015043665,32002135609,0x7f6d47eaeb7e5361880a36ad256d5afb66c177a2,0x85a0b0e90f8ec64ea6055d60012a8f1afa43e3d32442873aed6d4e297eb819143c9e9bb357ecaf0415d2497c417e2375
334,576,123442,12906574,0,0,32018649620,32005743046,0xed9422da0c15782360803b8868b0777ececab111,0x989bb2b1f63979ea16c04ed2bb36807f00ce3c4f51a8edba4eabb31a8a540f1b1ed724e558f46b40c82a492a346d63be
335,577,123275,12894489,0,0,32016537508,32003643019,0x37ec00125f352e2b93afa3b8275c335e162fe2b8,0x8a17a6c4923d20f3d502b7ff1a2ceb60678c94aa0a79e294f8b887040b03fe1d6d49e8b3ddf125571d75255a0c6eb0e1
336,579,123647,12893080,0,0,32018412721,32005519641,0x6c5cc0d2876bdec116875fa1fa7f599bfc266d97,0xa69e9202440525876eb28df684762252b98c0ef4fd1364c74b3003504b5be8ac839678d09bd5807bd1db9021eeead9cf
337,580,123543,12892969,0,0,32018115458,32005222489,0xb38db4853325b92b3f21e553f327169a91fd64e0,0xae35795c316fdc5c9571ecbb46e7d0669dc6bd379dd3bcac635b90b5345f5aae9e7e5083bbdaf380e7a506681d1615a9
338,581,123263,12886754,0,0,32016600212,32003713458,0x93daf345a574ceaffbb32f2815b185379fa23270,0xa005ed02ebcb09321a5fd5c5069e0679d0b4c40bdebc9382bda1178aaae02fd8a64ba909bbc290a9305aa9341ce0f45f
339,582,123256,12882637,0,0,32016665570,32003782933,0x74ee278b0a8debf7efbf2e3a0710d007f3b24de7,0xaae8613fc00093816d1b2aa0cc471b8cb9865fbe716cd247ff32824b9ab30133185ed550e6ab23ac8eed21b47fccc3e2
340,583,123694,12878982,0,0,32014886160,32002007178,0x8679462e291d49265cf985ad94674a73fc53c43d,0xa0b1deec6f1310e2066090b6313baaf808c3c707e2f15ef69932516271a56e296682a69f9d0b580b93a684a5d9301cb3
341,584,123674,12878835,0,0,32014822872,32001944037,0x28cfbab332b343e6b68f80682056ea89fcb9879b,0x92afdb3397e1af1b2fbb50be8557cfe78f63363883f6a2be7dda126e631b481e8a3577d4fdb156ac8c13a9631bbe4d7f
342,585,123268,12874101,0,0,32016656458,32003782357,0x169467e4b162624d45bcdcbf146cf9f77bec577f,0xb390b04876b4c13dc83d467fea01851dc5270ddc6ae1aac4f66d94ccddb45b5fbcad6aefc38a90c0f6a5699696ef5463
343,588,123402,12872789,0,0,32018859631,32005986842,0xef44fa4472382901d2b83516a8deeb2890eb882b,0x958ec4e33b3f700d1b7b2547fc54c7d8baff7d7c325296780d7a212425e39cc13150d76f1638492ce2d42c9186782ac7
344,589,105616,12871029,0,0,64211890326,64199019297,0x3152e8317483099fc8acc93cef709760fbd3952f,0x861b67fe1a75a4c3bab39a2cff3628698ab66e7a59d57c220c4fad050d5edc727b23ad45ddb4b32a5db027a56bacd2a1
345,590,123673,12862403,0,0,32014849017,32001986614,0xbc786693d4119d2bab74a03ba09546fa8e3282ea,0xad4a18de2c3ef52e5427e2ff10b5638a1ed9085c0e79733b2fd5cad6f7657040313b2615b84e4a8097b97380a33d0d41
346,591,123681,12861923,0,0,32014757629,32001895706,0x216795e5bf59929bcb25f06dc84c93f89e24bae5,0xb47d0c47367e8e28f4a728c715c8318551b845e234918b9ef5596c9e84173428b1d7aa7c420b5b47a4205aad46ca7152
347,592,123245,12861535,0,0,32019529012,32006667477,0xa801dbdebb90257c76215a6017d164771e42ba0b,0x8efc36c9ecda4dbd56d2415f8b6b46429511a636dd1b3c8e9bd4afd03a1de111fc3971b547ca709705255779e9b77b5c
348,593,123648,12857576,0,0,32015057560,32002199984,0xc81c32eabd07b1cdc349f9a7e56145a31ad513cb,0xb540841f0e223d80b556f2af3f390aad35c957c54bf79534daecbc61f6d121a3f41d2412cc5807ba457bd647e030ea01
349,595,123274,12854537,0,0,32016573928,32003719391,0xf6191248496c602f34bdebc163a728bec03ff8b6,0x93398f479d7d051c5d478b3ffab5ac0e9ca9bdd03186adaa02a2ecc4f9832b618c95970dad6831b820cece3ffe8c6fd2
350,596,123684,12854004,0,0,32018015095,32005161091,0x0a10d8f085a01ec83a792ce0d357d6377f8605ea,0x8003ccbe7bac186853b6ba88b52a70f407f1c3f6dd7477f5b4c63ab9fa1fa9302679e009cb506443c4b98429c2d7259c
351,597,123259,12853256,0,0,32016735034,32003881778,0xca4bee1aad704d261abab7c43c391673274da08b,0xaec09d43232201bb02d50cf418bd929d8d666604b6e172a080f583a23a0373acd00814736260d1fe14728c3e7bdf7e47
352,598,123273,12845762,0,0,32016536364,32003690602,0x91c151a1f30831d9622547580112621ee63d035b,0xb8b3cf569029c4e65a7de62946e9938aa463543e18f5572b984df29c943abc9fd992bf672dcc43f6eca3972f71711ecf
353,599,123930,12845087,0,0,32014393362,32001548275,0xe8ada2c8d43bcb9020ae605b3d68a645ce5c9632,0x94811c271db8eb43e356c63b10f8defb8e66edcc71370da4cb442aabb40efcfaa8dca246c385d18842a5fcbd14d25d50
354,600,123846,12845015,0,0,32014934362,32002089347,0xe26a1f2e7ca49504aee97e00de65dec8a5ae75fb,0x802e53dd54a424bb4373ad78d19b3fe934bf42bc8933a10341f369f23f696c8f91c3cdb627ee8e5689a8c5d327a5a995
355,602,123286,12840537,0,0,32016587544,32003747007,0xe7e8b3031172419257272fda5047027a52dd7bbf,0x85681376a4892fffcdf5b574b89095882a818d381dd6756a559b2c1f8239bc53d0b895714d62d2d01b94ddb57cf6563f
356,603,123051,12837697,0,0,32020634008,32007796311,0x2b343a798cff954f45097c52884658ebe1e23d38,0xb739dbd61689423d8621f7cbe69feb60c3dec4c2da568e3ab7148c7e4a402d3c0b2aefc80e1ea7472e104b60ec3fda42
357,605,123670,12833748,0,0,32014763414,32001929666,0x83dc3e3e7c9ea42907bbdedfe07bf0c4885b631b,0xb334724aa69c1b884f5706c6c4489bde6dc9d9906864aaeb93f609956cfdb343b5f78e277290b5d810eaad32c22446a7
358,606,123689,12831434,0,0,32014741051,32001909617,0x968e69b3344700e37f0bb74911a19e086556ebff,0xb15e448002bd0503d6c8199df0f443236ea86e7dede226052aba82330f44ee49def2f45580fb2e6d029a28541b7cd151
359,607,123278,12827161,0,0,32016505239,32003678078,0xbbef812168a7ebff871f827b268bff96aabc8425,0x936aaae1c2f78ef98dfbaecbd6c513a585556a9e8f918ff9d3c87ddb4fec8919d6240444b0049895066a1d9313012916
360,609,123518,12823294,0,0,32018308474,32005485180,0x2ba66ef8afb79ca39fe89607fd06b6c093010ab9,0xabc4b20fc9fa9073d4838a148c5549ca3ee56c6e493ddb7be0894bc8fbdb655d0cc42d577ac0fe54a7a83e7fbeef8eae
361,611,123258,12819812,0,0,32016637340,32003817528,0x87be6eccdae001060707e9da229d14f858c5dee3,0x98747d11ea81ccb9e4ab39ffb16ebf9e419820ec7c25fb72e1ba2411f483870fbb392705273b1a061fb230b317193be8
362,613,123282,12805439,0,0,32016471018,32003665579,0x29a83157a4bb42a507e7946e6df94db98824072d,0x80cd0db17f9edd31c1b1c797e71256a09720307228566649d935360cc537480ceb453a2d13d0572cf6d7bbf3c368fa9f
363,615,123261,12800804,0,0,32016677125,32003876321,0x82949649612f0e6233d4bb350536e65d9c1f0f2a,0xaf9957b678747d6b051ab42c0f7b4dbb3bf5adb8c22da1c5da159b3ffd926545380fe2b644059325d5bb88127b6189cc
364,617,105424,12799259,0,0,64219243496,64206444237,0xf2fb9b2c9aff9b554ccebad86a2ce63cb3f24bc4,0x8a6a927d316b32910e710bb364839e0fcd709b17f6368c6b6b5d24284b4a1824b87a64c5d1d95dbc95f10f4147878529
365,618,123676,12798613,0,0,32014789095,32001990482,0x016d73eef3ca97ebca8959372efa4e0d568c725a,0x89cadb9b610a6c53b08b86340c48b9eeef2174deabfaf756a57520079920e93a29d936c9db513332c64033812a387cd2
366,620,123398,12791553,0,0,32012234564,31999443011,0xc9de6550600624faccf1c60e3bc75b88162db4e5,0x82784fd1d2b05f1b509828729cbb3c1093c53bacf4a685ae79cbc5bb18416e17ef3f992349cd405dad64117875c6274d
367,622,106468,12784175,0,0,64191966332,64179182157,0x0cf13089a0cf0295a415da97b16051dc98a2cb52,0x91b372137e4e9d6787fab378e2ada03ed4e38edfe0f27fac4704fa23cdb11182cde442a7aa07e983da5baf60d2bc97e6
368,623,123280,12783699,0,0,32020150647,32007366948,0x23e81862267670430c97ac24bbf1a6793d17f677,0x99e799df8af869ce63d84118fed9604e77d043fccb3d0f7f0c3d6be39a47d04afe46bec0bf9ed7b2fa40ef51964b8519
369,624,123269,12783386,0,0,32016551798,32003768412,0x653a18182baacfb9360c292bac1978711bf5a3d1,0xb9f71b4f67149c691af2ab8cac7ac9a77e9070ca365bde2c62ce287fab3a32d9608ece8e9fc695b3f10a7bc5ae9275f4
370,626,123251,12779223,0,0,32016596614,32003817391,0x9cb06476d894337301d6830cd22ab8d83e297180,0x9190cf6ce29ccdf32effcf5228897441c9de8a8004a74b0e0190de58749ff36f04dca11879c74bf8c389029af2422a01
371,627,123271,12778935,0,0,32016555109,32003776174,0x79f7d4d70ac346760713238878321ea32488f141,0x83c6bafba0abed03c8d41e7d458b1032da234be4dc56f3948e0de6f5cd94c5ec78f3f42300b9f4bb45b468f021f3d74f
372,628,123272,12777913,0,0,32016484008,32003706095,0x99c5ddc1ff33fe0c361e4f7be99b43032cf21f05,0x8b8b819938b71f86b95b5f8f3a288d61166a83b029915fe27582d24484a5c365110827940ac9635edbd5fa7e53c14554
373,629,123653,12777870,0,0,32014889346,32002111476,0x30b7313af419dcd7a570b1e68ceb4de360c3ab07,0xadc1bacddfdc708048bd0d66720c7c63e78f4d4903aaf10f440db90ff862cea0c5d812871f2f69edc3bf694d4a308fcb
374,630,105596,12776646,0,0,64219086217,64206309571,0xcbf2c50f7e75a5d6061e48d9b8d7b501ff7e9d2c,0x8a2f60a170e9903b21cbb5c260fa8461bf2468d0202820bc83e053fd8659a0b69adeb740ba48aa00fa2e4ced4b2dc5b8
375,632,105344,12773119,0,0,64204065508,64191292389,0xc0eb84422ea5691b29f99000a84bb18636e27471,0x979b80cc317e4abbe582597a5153c4d624804204c36d9cf1de1e6565c61a4a99d20aa671d03b415dd8034f512da07448
376,633,106483,12771832,0,0,64184408030,64171636198,0xc9edc1d5e8e2ddfc7f453c65226ad971545b8d49,0x81bede4f8b88249270fc09e8c136be10e16f46182c0652733a9dd391f2b2d88ee53cfef8ee44b43891bf225b65320fdd
377,637,107064,12764270,0,0,64180766922,64168002652,0x106f5e301486d2c409ac2a0bcdb4eadb27d228ba,0x8b0f22cb6ba92e68ff11cb5c9b89273ffaf4510b45ff08b871e9b36a685e074f0c8bf0b49e3e44147a00b5ed4cf8b689
378,638,123260,12763074,0,0,32016561460,32003798386,0x068005725f72cbffe937bd652cb037d70f83a148,0x881738f15b4911dd67223e1df01746e1fb447e6c9c86096d31eac6f3fcccb2d9ec3a2f064e0d11535b2a642b7682459c
379,639,123283,12761963,0,0,32016629897,32003867934,0xb4585cdf2423a4d3582042ff4e0238bae0aaceea,0x905c401dfbaafbfbe4c649e2ccc4a5348d31e1ea74ee233c7ae676b1428801a087970a677ed753e0593579b975f2954e
380,640,123695,12761021,0,0,32014811014,32002049993,0xdfe34069619fb73ddf7b1541357a94abd0c8ede9,0xaec36189f444c1df630c0c821a7582c9619a421da1d771a0886e655aa77b75ceee526f77350a4c8e14e1224ab1f9d7f7
381,641,123569,12760374,0,0,32017944055,32005183681,0x0a76402405b1a37f1916131ef035e2f5297674b8,0x971dd4442483e7eceefbf9255c41ef9e8d73a52856d8053f7ad4a4a3a3bd0f0053f4895f20c6eca5aba870adfbd27363
382,642,123645,12760224,0,0,32014930542,32002170318,0x6f64fce4528931de7f28952aba6c9bb617489fb2,0xad9c993b4a268b29abb7de7c9824ede165ab123332c169ecd3bb7fed97901879170ef5db4612c9a6a71ad6094e8fc8b7
383,643,107055,12756528,0,0,64188306448,64175549920,0x205cc7641fbedae5224e7961c6698fc10329fd42,0xb2661f47d5706dd1d0a7592635124c01c797db30092d669c0a645115338efe94d0f6c9329effe3f9aca71545e6ca2ed1
384,644,123682,12746656,0,0,32014669264,32001922608,0xaf3e59ef39a4b2fc544b53b9ca227f3f153b0b67,0xa2b25ec33aa0667942ad91b0a902c4feb842dcd015bf3fca1e12efb924f8412897d9b195c5e599573323831cf92483bb
385,645,123687,12746228,0,0,32014632386,32001886158,0x93f09ac607122765e3c4489c2d63912b6a734d68,0xa4e97152ed4be4387b8eceb10d220129b00857037672905231c15bd95459316f05c9d932e3ea64056a68429c8bff6b77
386,646,110676,12743725,0,0,64506468682,32493724957,0x3c8f76a90081967686c7627bbba68b0d4dafaab3,0x8397a31277b483408dc67a7f82783ef5ae9daa56c30421a36f973c60e921a510355ca4743609254844413f5bb3c0a7d7
387,647,123692,12742927,0,0,32014739514,32001996587,0x82bc34cba96782329692a82bc3ad36029c5fe9a9,0x874647bf6efe37330ddadf398d42efe89480c1f81b68fbedf9cd84d173c2a770de86aa94528dd0e135b859b6bf09cdc1
388,648,106481,12741690,0,0,64199249686,64186507996,0xe0a93b4f92c85fce94c15f365459c5fbb15f35aa,0x8e1ecb0f66a3fc404b45b61a47ae023e0f56c1037ed4787d4b5c370b55dad1fa18cc5cfabe8bee470b2cfb44a77d6fa8
389,649,106473,12740734,0,0,64261865567,64249124833,0x8406207761db4cd6773a5946436537b798b61979,0x8194f56b0e2ec2c91f9896de934e2353749190918b726af3d5ce24e1c5a33ee11fec330f41b83a3248a5dd0565fef90f
390,652,123683,12735532,0,0,32014687959,32001952427,0xc23f6eb8d5b23734b2b35277c71c9b50ae8a7400,0xb354fa32685e25993c60a6be3f7d6bb7f888902e5b5fa29c0d66bd23a81f6a496a46edda8d61d2d90221dcb3a964c483
391,653,123920,12734215,0,0,32014412928,32001678713,0x0dc8c6eab56a9568b2c5189a032140a1c5bdf928,0xa7d22be362b33c4ea24dc7e3cb15dbd4b3dc30efcea968a81a349f74e6d020d5b5bc0ae1920bf1f6cefe42d0551196c0
392,654,123651,12733421,0,0,32014836821,32002103400,0x77b2c7e5ae22dec21f03869737ebf3d6dd350ba9,0x8f916f0d2d33ecc6a3fc2fea0fb532b91cbcd2e6c45d8ca0776f2074c2d62c7789cc7c205737a15507382516d7d407de
393,656,123508,12726715,0,0,32016688577,32003961862,0xeb1df57bb04a5d48068f128912180127eae8e425,0x84442a6c08eecbbcac6e998bb09d2b635d20690d4d4bfcbd9efd13947817ba60ad54590a6d5f920c2c134e29caed765c
394,658,123680,12726163,0,0,32014632233,32001906070,0xd456d8d3605999c579a2981f87e511be3912565a,0xb3d1f61f70e755516f1d6dc94390879cc6361b1676067c766e5552752a2a3a504bb086680ca52691749d4bc433c3cc9d
395,659,123264,12723112,0,0,32016463358,32003740246,0xbc08a3c115a00aacab33b13355a16c09e5e1c226,0x85d2ed18bd67a2b48945ddf35dc04409cc40c449da6c0f2a55ba68890e96fbc1714a6c11058bc0f13ddc034ced5ecb91
396,665,123350,12699263,0,0,32018587607,32005888344,0x293bf99c8a1018e71a82a9d53c689dea3115cb96,0xa9ab64d910a023312db95d6e7df90c70b674aa2fbe0611994c8f3fbff9c52b69b211c715ef07a3e2a1f4e3e0fecb7486
397,666,123686,12695715,0,0,32014603180,32001907465,0x936468658dbcfb8edcb89a609645fa5c9514a970,0x869e5345ba35cfb92af2424a1d7064c146d872b370447561929d935695873800fbd60b18fc9836892164c7b9061ebe34
398,669,123474,12691617,0,0,32018364180,32005672563,0x5e3200a7bd0444a85ea1d35e4471bcdc96d0ad38,0xb4aee221103058fdc26e2b3c1ca3050957faa104c8fa1243351329d18e8031210ae654b69904bc5f94195e5554816430
399,670,123675,12689625,0,0,32014678171,32001988546,0xa5635f9cce2fc89a6efcd444094f695c4edbbb99,0xacd9c1dd6ac549ca3f97f628d853ae6908e985176aace2041b391e2ff7a1432dc36b4e9dd612d0355d6836e8c6d9f6d7
400,671,123276,12686154,0,0,32016344930,32003658776,0xa850a1d091410d17d0fd8073283890e5b74c2e55,0xb58dc376e07c67fc8557e892ab3c789b0fac4504074983e4dff120b72607f7148f4df9e725255885222886091cf6e752
401,672,123685,12685833,0,0,32014675056,32001989223,0x67aca7cb6e80f1ace948102ed4e585ba7c83a8b0,0x93e58e4a9989fba1e0d9c7f19d1f952965eb6319fc4b9aad6dc9e03a7852d0412705a70afd87f4c696a36000e2b1b209
402,673,123693,12684171,0,0,32014720308,32002036137,0xef6f998c4687f3ae3989271ea7f6b86180c49779,0xaeb56a37148fc83ce0f3c1f31accea112d419682a82ed62b457551d44aedc8cb9e5f846b43367aa81db97533aaf7a7f3
403,674,123691,12679262,0,0,32014653766,32001974504,0xb173eb5a5792c17f42c094da1c34b1b01ab0b4a9,0xad362b64344e976992da833bfcd5811b33291db8adf5e28987954cb332e6424406ebde918d1334fdd7e8f4812f82d70e
404,677,123225,12671572,0,0,32019510271,32006838699,0x8d8b9d2e5577ad98d7e57ce866418756151b6301,0x835f923112a6aa183d5a5a2f1919a2523193edf14d9cc284fe551bc111ef800b5fd90f8f86b0a13d48a22dfe0a230222
405,678,123270,12669608,0,0,32016497328,32003827720,0xe4c629b310ee2e8dc016f8cd551cc46cb1906c22,0x9419755b2c9705db548f66bcb1866baddfbd8dd824abbb37e86d5097bce5614d8ade10ff71e2ec5ecee6b3a5b9b82d58
406,679,123284,12669325,0,0,32016311170,32003641845,0x3ed33cce88d9a6b4ce4cfe3fc84e2f1e41562642,0x80d562bd5681ead11a81b2ffbfb21f52c717be8f24e41d1ac44f601fce8796337ba952ea0845a3df4b53a98c0cf49237
407,686,123287,12660867,0,0,32016360676,32003699809,0xf2497f5675159c835aa41535e50e4e0025552d42,0xa4e08612fee9430ecfe7414cb5bb1d1370fb705f7eddcd48430bbf0768993429ed335337620f22387969e8ca11062e9c
408,688,123504,12655379,0,0,32016733196,32004077817,0xe1f6c875a8a52c4d1dc9af0ed43448da5820a1b2,0xacaf90ed0c0558a32dee09c812edf944d14e26aac663cf737ef502c3bcc4048c705198675610a3885e8cd60a2fb5ac2f
409,689,123257,12649509,0,0,32016503410,32003853901,0x10cdd04506db3258110b0f72ca942d698239ef38,0x8baba385c2de055d8148198913ad3ca62365b5414ba7c7eca7d5d7bd350363618701dd0ba69985f3bc3a409a5b0314d3
410,693,123956,12630838,0,0,32013622256,32000991418,0xf2c5eef73432b7c203036ae3c78b52d1c0073c69,0x9116263241e604a2409c78e69c854417e4f6ae63a02135d7e914d2a8d36ca7d8fd39b6700c9066f26acc49b4696010af
411,696,123495,12593027,0,0,32018222530,32005629503,0x42e1d6de7287938a7cdd1ec76f0b6ec0ea429230,0xb0446bd53ed628a7d40588b100201e515ee688c61e52710a5816bace44a7769fb5764df3cfe07f1cca5453686f57c794
412,697,123646,12580736,0,0,32014691684,32002110948,0xf07a38be2eb43ea6416252a43e1b7bac91196fb7,0x8bf10729e8b580a705de26fb28d71f00a519e8613e90fd81c43abc877f36b3fdde36d82ae7bc3fd13afdf112e09742c3
413,699,123262,12573566,0,0,32016436903,32003863337,0x89c4523f0af9f334d9e3df103a270df6367ef012,0xa2189a89ddf765537fb7ac9361ab028718a1cdec236c9a695c1c5d6ca0b80222bcb1d848a36e41551c70a31fefd461c3
414,700,123255,12572882,0,0,32016320220,32003747338,0x3b8919e09cc8008d107eea90b2e7eff87c9de764,0x81a96e880bc64e35d9b5f8dc077aa7ca19d44aa707a0a304fe969c7d263875f1620a9a23bb78819f7efc27eef66784cc
415,705,123856,12541561,0,0,32014544170,32002002609,0x6dc0c5f31598f39b370f1bcbde3ec1a03c2bb420,0x9956b46d9f23bed4e8fbeeb08824aebfe5b0bf363922b2a645335699280a2e4c822b320b4e76f6a1fb94055be786491d
416,707,123696,12538017,0,0,32014480918,32001942901,0xce197e59f131bd91e137f956465fcdd069ceaa6b,0xb80ac9f21d505470669795d83c4df9bcd6d5f9ef353fe77f8640aa185041362939084989d0225fac94ca00c68612fb63
417,710,123279,12506499,0,0,32016209575,32003703076,0xff7af699cfd9390196e16176701ac8336f6cb30f,0xac560506f7437555b0dddbe6919f292d4ea2ed933e8079c6ea888b117825a099a52b8143089c5d963268ff0e8bb43d14
418,711,123671,12499675,0,0,32014453957,32001954282,0xe143c9bb4551415dafa77579745923a9df0ed497,0x99613c7a5c4a183a3513c078f2d2c47761923dc73d67a143626af5037e1b5598e9c178851b3a84423aaebe09bb374f33
419,718,123281,12469564,0,0,32016140517,32003670953,0x802464e4760c52a1a75e9a85a8b54664483b9f8f,0x9699f39fd472ffea0dd7b098601bc7133e1f7953a0d47f55cd3af77d32316c3e71026036dcf7fdf5e51b6b926b7fd5b4
420,723,123537,12399362,0,0,32017579856,32005180494,0x5c7666b1a842774318ac43087dfe0ef7eaadc06c,0x85d7814e05cafab935f08e7c6949d03325b07d2538e7230d1a51e505b24b508b8497e9245d3427f0b25ea01290291f06
421,725,123598,12373423,0,0,32017376574,32005003151,0x4043c76cd517b0de74d58fe782d67a56501162da,0x8d5a191a448f663338d03d867dd5bc519131cff6cd38fad7b80d604e1ecb6f0fb1756a44c9b68f20194ee0f1026e570d
422,731,123969,12260208,0,34,32012260208,32000000000,0xea886fa0b4205807f5917acd12fbb310a29aa82d,0xa88613e681e2e552b04554bb021da1eedb0f6cfe5ed3ed7454ec55b00543ef2f66a7062c78139377b9f45684c727742b
423,733,123572,12244978,0,0,32010879715,31998634737,0x19c403677a2fc5f730a4ae5b2869d78f2d39f1ae,0x848b5821b8eac4c2be659db991827abd9180052c5e6f5cfafe8d71b59a783549f82e09dbd77f713f4dd48efe30884ab3
424,734,123829,12238780,0,0,32017615376,32005376596,0x460c3b91b84e77544b35bfeaa544f962c730a6d9,0x86477725b44ed91723cbd65b266f1b6fd99191271d018f6c5a6f6abffc442f66995f6289accd708d1302a3a61a59f206
425,737,123972,12190808,0,34,32012190808,32000000000,0xd75dffc63e5f21a384d465b63cd213e54891d587,0xacbfa9f87e1912de91c7fdbeaeda0a87871f860d034d0655e26dbb0f77400568e313a06a0ec5248599da989510b6a4b1
426,738,123976,12188220,0,35,32012188220,32000000000,0x91addc72b2f6ec5fb33948a279d39b63b135bc0e,0xa52f2bd24d3ca023f3bb187e2790c6ee803fde51b243dec6fe426f63836d9dcd58da828dde1a1b633ec592a94ec65cef
427,741,123975,12165973,0,35,32012165973,32000000000,0x7f8c31f20de9637007224633a1927bf8d0f07c5c,0x919b388c2a61c4456b57809a9ac7186598c72aa3b0d648614f81f977c58cd78bfef82ae704cd2a3f5ba07c3dd404123c
428,744,123970,12143994,0,34,32012143994,32000000000,0x947bbc558834583b309e428d8b40ad469fdd64b9,0x81d39718b70cd1064b93933a7e6fc767838a6ca0ac5290abed061fc8a7a83651a62fb894c076ca2ba0ef50a5fe4e1647
429,745,123492,12134488,0,0,32011752276,31999617788,0x03119203679795299e202508e569d1110a2b74fd,0x94c7e44598b7f059cf9d9105f5decc90ad6b1cf5944df3114a5a5bc19bea843949e2cab0da27f50e49a779028b4bf192
430,746,123899,12130481,0,0,32011321687,31999191206,0x5be1f8163d2138d4e4d5870359d4b381462b01fe,0xb1243d5c0bba88b9afd1902ee1c6a879a8d45b6a3a8ca011c4edaae7f016f28c8531507091e864c0462b72c488296504
431,750,124000,12092903,0,41,32012092903,32000000000,0x3b52091cb78e25e6f399b300cdb7cced4323ba0a,0x85711d6d6da73dd5e2d89ab93a4474e071686dae7347258bb4fdf1bd2b298dcb94795417f0ee697f6107b15de302b21f
432,751,123052,12090523,0,0,32019919395,32007828872,0xd4d4161c83fc519c7b34d111b6c9772eea6608b3,0xad960bd17cc4e7f0082cb53ae21b94b6d147df25530a3941aa529450f3a6b55727029d320528352bd43cf646a5e357fe
433,752,123978,12088477,0,36,32012088477,32000000000,0x63acafa54e85d8bac25d4b11ef2777f30ddb2270,0xb5c775344b308443522f51e245d90dd961a1761e1b2eef72c4747017415f4fc7567ab70c44c03cc1cea4ac2c82e72d47
434,753,123988,12085697,0,38,32012085697,32000000000,0x818b317357353dc58a85dda8b0028d1b4b5ba3f2,0xa425b49d9cd5d38a08f29bafd89deb00c35c946cc4b55d2132ad2b5fe4a1b1cf47b02f040a02332b579f041fe579a36d
435,755,123981,12061181,0,37,32012061181,32000000000,0xdf306adc310f0b496861f9e675e1d9152dd8c233,0xb479d8f9d1674add24c44c4540331a8b224966c73d93a7125339352f1690e38792438f927d6141225f3d15cac4d2294d
436,757,123982,12057054,0,37,32012057054,32000000000,0xca05cc8e957a5c08a4cf0e432a5c82cc8b592c6d,0x87229eea8834d0896d0d4c353ecae840e1b584eb925b94f94b27a76e8bc37856c81b961db81aea78ac241c285ea4f134
437,760,123979,12046910,0,36,32012046910,32000000000,0xc7684d9e7a2cfda82b6bc42afc19ee502609d00b,0x8cb940d45ce0536c4420c69dda2318693ea2c83b79239a9f13aa8b33ede6d8e4a1c66f7bf68a67bf2a165571808069a2
438,761,124013,12018089,0,45,32012018089,32000000000,0xa840c9b73f809c9b603a3bc58d927e6577d5e06b,0xb872ea937df347f5adb4bade32fc2e6f77fc05cd151865b9a3c1b6c52a9639464d0d93975b2f98d9074abba1bc359026
439,762,123989,12004257,0,39,32012004257,32000000000,0x239fded3509ba28f1e46db55df1c2660b119a21b,0xa8ec403f09566f676644b62c6264aa010150ebc77351ca4631dc5cada5ef30df3ca8b9140371c6410e66712d2b19f1ba
440,763,123722,12000253,0,0,32008115214,31996114961,0x79f60ac3ccf6c86d11a7aaac10db193fc00bd812,0xa8b1667fd9deda89f93aa923290cc806d0d9c6e1b3ce56fea77cf129c2da56616618f536ede653ece958c877b6a6b556
441,764,123466,11993741,0,0,32010250132,31998256391,0x4e0ac1ba9c98f88590bbe4749f5e26fecb7141c3,0xa1e3fd70603ca8418e3351a2f6fae4b1281633fcff5c0a38d1840891ed65d6c539bea758ff0135230036b6c6e05bece7
442,765,123983,11986081,0,37,32011986081,32000000000,0x6232b35fb127130f229d85e0ce0d2f0c7630d159,0x83efd03ecd4bcbffd668bb52c62fa15aa8785dc13448ffec0e4c2bc277a7a899dd1661cb64ee1ffe7601e6019d0f9152
443,768,124019,11941825,0,46,32011941825,32000000000,0x1d83be013b01c8ad9ff8afd497a5b27e8f310b45,0x8e79d0ff046118d378b4cf574a2718a13c69c03a1365bd55fd1f14c1ce17c95b990afde43a954a1d5a38b0129fc4fbaf
444,769,123999,11935729,0,41,32011935729,32000000000,0x0224a60ed78285b2fbec846c55da9114a8379376,0x98b4788b099d254331528cd65e647063de2c81908bfbd4829d840c2de02f2f9c8fcfa904d0fccfdd5f09c40809d14157
445,771,124020,11908520,0,46,32011908520,32000000000,0x24a8116b077631b489e6e8eb43a87420f152c79c,0xafa72f61c151daadf6b89d110b671e589e971d9b00c12d6f47771a0ec4158207c1fa01ce6ec44d60b8f44984980d6ee1
446,777,124044,11813856,1,164,32011813856,32000000000,0x573b2c5d03a5d6436cb058f9b4abcf7bc3fee55f,0x96d77e9030d3252d277530ed2fab6236735c3b4f152bef823feaa4ff1f29d561288dac91a3183a176198f0caa714d77e
447,778,124033,11807051,0,50,32011807051,32000000000,0xce08bb0843b724c10cdf17eebff1f0c00a127197,0xb3c61a6068dc67ba1bca826b2b1172d27e793ba554ca89395f54362ec64549f808836ae82c01d7f2ec617fddeb893405
448,784,124041,11698140,0,52,32011698140,32000000000,0x3c683d3547763ef6971b27c743187a39507b7113,0xb8c75e4f284c94bdc4f6449441afbd12943c3cb6afc947e10225254f5c9e51eecb73ebd799104e68e76a437c55fdefdb
449,785,124040,11663599,0,51,32011663599,32000000000,0x8fc668c95c1980e8d1a91734382e0b39204adaf5,0xb215cfa318ffdb7243fc23972cee8d79efd4547efe25f1acea5fd7e5823c71ff85f2164772023937a922ee741b00c4f4
450,787,123942,11614166,0,0,32013102874,32001488708,0x0477de2680e46af4278950f303291b0ab4a1e9e8,0xb0e22037d72a4c024f432427a58e5da39821684e79a7e38e8b220579b88e729d85c787b709247891cae40e887a13a9e1
451,792,124027,11542007,0,48,32011542007,32000000000,0xfd804e940951f1a204b1c41d3cff450bbbef69c6,0x8d5c2dc776636389be224650d54ee64088975e095dca83b89bc27a6f907deb126f162364f17510f3f3799b82174a7d36
452,796,123241,11411779,0,0,32015836738,32004424959,0x1a5ca4f41f2473689f69e3d082ef5e2585205640,0xab5ab444c3f75151199d4660a56bdb1a92725e01e2c8aa2a43d9909b884bfaf8eb08c51206c142add7c2c20c998f80f8
453,797,123386,11300077,0,0,32017468535,32006168458,0x0d7526770588e80c4963f65ec4ccb9604ca629f4,0xa3e1df440dc8ad4e1c4dfc57a84e32718e4e613ae491705ca3e3863c6f24038c59297cfd3eb92ca72863fd3fef525c3d
454,798,123837,10867849,0,0,32008852185,31997984336,0x0a3d6563a62bb7bb32a75542fcc9ff2cb54f253e,0xaee7ffa1ae725c0e2fd2201532de479f228280afb301cab632bfe57237bde6b30a9762530e373d7b9f487c10b96b5212
455,799,123355,10821749,0,0,32016186232,32005364483,0x06d5efc3712d206980355cb6999cf33c350faf5c,0xb812468745524212436acc293fa0945c6db91b3c32b1f5ea59e82178e1b08444a6f900f2f5dce2afd854f78ec85c5971
456,801,123218,10686474,0,0,32003389366,31992702892,0xb8447ae2a865edc14f9529385884e0612400d15b,0x93bdfb6b1bc5ea898cdb0f933ca44a47555f2e26c24236d37ebbc43a7f7fb5555fa011cb14a5ab1bc16d431a3446a5da
457,802,123938,10468490,1,0,32015099781,32004631291,0xe2a2d744a2701da8afab16e5d2c47f612ec8c240,0x830627f7365d790bb47b19af722a90919fc688c9bd13921851c6198339e56f2f9d4be506afd515cfdd8c6feebce6c811
458,805,124100,10088630,1,229,32010088630,32000000000,0x0cdd8368c02b465945af76d3e47ee7d48caeca4d,0x94be8f000d2263b93fbd52898b0c3dbf255fa454b0d0eb29128ddc140532e6d6a3fae2c1092cf09611b6dfd1d50560c0
459,806,123961,9947569,0,0,32008694040,31998746471,0x48dee9e4e921516ab8c4437d676055d009dc60cd,0xa2bc1c75f6d3bd774b9e7f6b0286a8ae69ce69c5cf66e2c5c2d74448869244a0c61d6190024afbc4398a0632773d5628
460,808,124015,9660029,0,45,32009660029,32000000000,0x73860a0340b1fff9e95d035cf35da774e79435a3,0x8f7d7085f589d7324046d4b5c0018ae50e143a954ee12cd97cde63e090017bddf907d3dc7f812cc909f83628dde04abd
461,809,123312,9462556,0,0,32015933380,32006470824,0x57be3107e08effeff4cbfb0de6728865cd49361c,0xabade43ea3f9323844e781d962f417a59cbd2cc19670c7fc31218fcee25a69fa5c34fc5ad18c6a632b9ad5210813a514
462,812,124047,8739594,0,165,32008739594,32000000000,0xcf1e25203ab2d6ab867256b05e75da85c18daeb4,0xa6d2c41b41425f55b3068461b31c09a323368511e22a9b1daf40127c3bb34f46db22ff8887e9a227025cb9625817d4c2
463,813,124056,8692852,0,167,32008692852,32000000000,0x42da898851c82e8ee8243c12a4722fe8630fabb3,0xa52a37fdca65253d312367fa35120a3ea909d44deb2db4acff94d53740501520db6ac6bb0f4032b1d13b840962ef9ffc
464,814,124049,8689042,0,165,32008689042,32000000000,0x7f362b0f7207bb6c133f0b86c2e9f004a892f91c,0x8b80f8da13602dcb7e34b613c73082ea69225874392c3f399232d8242cbd85b4fcb442cb7d3b03591cdba0c2bfac508a
465,827,124071,8453299,0,171,32008453299,32000000000,0xa004fdaad611ac8f02e38dddb446269a6d452895,0xa85028650ac5fcecdd9babb691f11a5df89186e5556373bdb99eddfddbca29ae8888677db628112aa2c92c410dc0fe0c
466,828,124074,8427762,0,171,32008427762,32000000000,0x98a61b14844fc6c51d62ecd49d2fff793a37f4e9,0x91134d34c92aac5a8e5c00380cda108ed256690c2522a1eaa5fa991d3abe4a0615ae45948bfdeee5a14fdda6167a644c
467,829,124051,8427442,0,166,32008427442,32000000000,0x9d47faf24a4681acb247ebd11af8c3660a0e100b,0xa52dad01943de5771d07bdc6c8d95d2863b6be48fc68aea7553c948108e73678fe2b0ee28b3312841da67015fdf67190
468,837,124058,8008527,1,167,32008008527,32000000000,0x6c4cbd214bdc9f0905bfb29eb1d9bfba58348972,0xb96b8aa13b6218cd8609fd64de548549c50cb8d98bdfafdcff9ff5778317975a2f77ed7c0af2bf33e0a76e26faf5533d
469,838,123806,7938204,0,0,32010377104,32002438900,0x23ca077b8b3820935d3b93a7d692f67e0fc317d8,0xb150eda4dfd1253cc487c6ff3800df433078fa8a2870d5b348c82a4596a81e30e503637ae2b75908f6edcf2a714168ab
470,839,123790,7826501,0,0,32004359653,31996533152,0xf0a1bb19f8cc0813781277dccebcc3fb659d79e1,0xac7c2148e71cac7a9275acf04b5b5281924bea3b88b15834d5e61592704a007197a0111d4e35672e7c89ab47c3af212b
471,841,123433,7551557,1,0,32013336575,32005785018,0x1181fd0c501d2ac88a32385c060f255249234422,0x96f462399b33f833e8533c2ab5e129ef7e47cfa85a8ea1c911b5296a63a63c0068d0debaf8ae6fdf7c55311907e6adba
472,843,124094,7018459,0,227,32007018459,32000000000,0x7bd0ec5f106c4bacaa87038a2ed8805497585f7e,0x807eb6fb6dfcb3cbf226e619d7a2c11fb3f982380e86894ac49d5d5aacdcb6a0fe288bcb6752b5e4b810c0bedb93ab19
473,845,124098,6950305,0,228,32006950305,32000000000,0x832b9c76d81ab1f6bb8f967f394d39fdb5c12a58,0xab7a3660e63f6cd6f2e03788fa87b85b535711e49d778d4576f06d199c487bfbb4d4f43b4d7f97dc529655fcba9df1fe
474,848,124101,6866737,0,229,32006866737,32000000000,0x6e731a5a6effc4013e88d197ccf600a73c068ae6,0xb9167035f0fa1e3dcd2c8558b6081161376ef16da7f350495ebe06f259ca132efd69988daf3aa688f1567cd216ab1505
475,850,123985,6799686,0,38,32006799686,32000000000,0x25a8f1d68f352838a8188048e1052476934a2efe,0x82550bbb91f1a889eb2f69abaa45eff9dde903f8eca584688e08b1842a6800847184c17ab06edbfc6e202184e5a7ecb9
476,852,124009,6642811,0,44,32006642811,32000000000,0xb38e943206b23a2e0456b88b0030885457f8a898,0xad3278df94fa7c75a79ddeb2b0f8437e3bb200d9433a6da285d87efd0efb9fb1357b2807fea28ea30414512cb80b6d48
477,856,124023,6054815,0,47,32006054815,32000000000,0x0e4021551bc525c3d151a28db8cd9f7786fbb8d0,0xb4afadae905b728fdf18c59fc8e23395121dc1a21057362295c0f3ca1966cb97c458674a36cac8936197d7fc630d3124
478,859,124055,5810316,0,167,32005810316,32000000000,0x511e3c306524a5c4cb566d3309e8d36ec7c7d8bf,0x87a9d73d2d3195dc5d224f0418d5b0a54052a4942cb17116255711c0ffbf630077dd7eb235f0641950db98b89d434406
479,861,123897,5314185,0,0,32003667344,31998353159,0xd926a891a3db92ba6f097074ce1ad4b3cde2a3a5,0xac454e290b28a2d03c38050ea61679ef711c7a06bfd2c00f9bee00e36345995a0c896d14f4372ce3d5b10d95b338e4d6
480,862,124108,5296103,0,291,32005296103,32000000000,0x6e2d6515d75fa5234f3067ef81ac03b7ead65cb0,0xa712fdc9171d74d2cc4d5a5c1582d02a8488de21cf599d463ef1c827266309f82247de73f8d6a92245f289ad29b36959
481,867,124113,5204085,0,293,32005204085,32000000000,0x483b7fbd7df72925ea501d106bd9c675c8bbb79f,0xa446f6adcc4a6c07c4b736b222507c21aa7a58407ff6fe0ba77249d0fa06cbf0cfae03cc7b77046bbc9f922d1c3b3161
482,869,124124,5189884,0,295,32005189884,32000000000,0x957d007b3371b2587ea8fecd85dd7dee8008e461,0x865437528cc1800c36fb04de1b43b1625108cfc3eb3ebc3fcd93237d47d99c6eafbc55d87c528e03ffe2d05fba5b5d47
483,870,124119,5188964,0,294,32005188964,32000000000,0xdb12f73f7301c1efd1c8f468a187901507bd72ca,0xa18e975c412dca44c8992e20982f08cbd6f9f44488dbc08b04adf6400cc68b717a05d6f6dcf45522156cced3a0bd4a03
484,872,124116,5172236,0,293,32005172236,32000000000,0x4b73324ceafb7f33f2500ccbe62f79730f171986,0xb8017d7dbe84cf2a9c4d61c7dbf162e55f37b1c1b4470534a5934cb3c2f67d4f45372350e2c9b539b03d5e981abda452
485,881,124137,3496478,0,357,32003496478,32000000000,0xa09aacaf98ba261026d83f5c47d6ec543f128280,0x8d9f8e5dfb8a3c35a9adc348d4d59a387f4f2032052eaf6d87e2fbadb87f6c00a4868307ead433f2690c5b08e3cb84bc
486,891,123068,2853001,0,0,32009185324,32006332323,0x97717e020d7b1dc535fa7e954b7c730444d90625,0x8adce43fc7d27ecd694b5035160cc3bf79b7a76205b228e083dc634d0e4cc9de22a3f5f752054111e376cb1370dfa45b
487,895,124128,2019076,0,355,32002019076,32000000000,0xd699cb99a870df30d6ab55c9a05f4ef360ab904f,0xa2c22b724d21cd5d2e149c5bec9ea8a1fbe4b420552a867728ccb15a8071456e734f27937312629a68cb4a439f7291e7
488,899,124156,1751207,0,422,32001751207,32000000000,0x8b62cbe635f3ace0521015af82eacf491a862d92,0x9150b6ee69c8a6e10ce0a168fa77c7845b54811c1d2733d0b64a986e2fce5b7ff6808a185b9623070dffdb06ddcf2cbc
489,909,124172,1665029,0,426,32001665029,32000000000,0xebddaec2a4f611962645ec42511828af99eb9b05,0x8aaf1f3d5dfc69e0c643b5639b77331e015c87a76458a67038857fea2c546d26c9d0325d48965210f59438101f00fae2
490,913,123718,632509,0,0,31996722867,31996090358,0x51c9645e1432e7557cd982dbba852a488b03dcae,0x83ec61fd9907595d874884b637fa465010c9bb3b6fc96157ece219a562932418320f1051170c376891fb409334177489
491,915,123523,589279,0,0,31995473592,31994884313,0xc7ffc28142ec9cb93d1492ed2b8057d0f2b12fee,0x809144441673f93e70547f13d58cbf2d63f509cec31f297924bf81008aa1d5031d0175c5ab890abbe15b89887d027d5a
492,917,123602,484102,0,0,31995860793,31995376691,0x4491effb348d6ba8e3dc4680bec797633037098d,0x929980dacb637a6dae7e27276cf49edd19d08e89c6758299a17f2378f0761681b5cfbe6f4562ab2be67163949bb85dc2
493,919,121421,0,0,0,32027453800,32027453800,0x10d3447ce9d69a28d32f5c6445ed484c047a3598,0xb193534a575bb0818596005a9ba2439d273771cce9086e61673e46ad0df3cf62e3c95136bf4fb7395d3504dd64bcfd9c
494,922,103863,0,0,0,64348792602,64348792602,0xdaedeb8d897ef7a2c5f3b0411574c31cc0f6f010,0x9962d9f622fba9c71577eebb57dd2bcb6ffa6e479a1898380358dc9d823b888375c0be91eea81009e2d9826eb69c3c93
495,924,105306,0,0,0,64314045191,64314045191,0x19a6b4a63e1a45535014cf36e23dd291ac0955fd,0x88451689ab13ccf3cd8ba1c3894d0004d7c34454004f2c495924bca591d097c61e00bb5e32bd0c147623c481fe3e0096
496,926,105386,0,0,0,64373807043,64373807043,0xde88d54819c4ae692fbb8f5f914ac5723951ee65,0xb9676278428d923824b4bd8a1f6033b4e8365d47b31c0d8c56d3e706863b2291abe65fba2b0490c179517942f18daaab
497,927,117791,0,0,0,64024504398,64024504398,0x4046318c1aea6a1c172b7b5052d1e112b11ea1dc,0xb8b5aaa0683f1fba10db43ff018fa1e95b22360abef11415a7185442d1e02b168a68cc1b35c7ddadf3db374d308080c1
498,936,104085,0,0,0,64404007385,64404007385,0xf272511c002d0e04e6abe43311c03c637d92df6a,0xa7ed8919d38b135ad071b7b9bac49b303c8611d0aced13bcca0202d20bd0df03aebccc93674679eae52dd8a11a9bdcc2
499,938,104056,0,0,0,64407463828,64407463828,0xb33082c124ce4f949356362393c0575d01239e32,0x8c53c8d8b3d53f4f61d3b156201954fe699d3f61f3703c067e034b07040f8b758fb78a417e7e852d58877a0286df4d61
500,939,104225,0,0,0,64366931871,64366931871,0x5d2f836cad056c3bd19ba7f2f4bba75ded8c2bda,0x98331caadc7b4249a0f90b4fe68061d98c6ddf0cbd5cb428cb873040c86da176743e72dbc23a3eea4e8e9f88c6f627a9
501,941,106067,0,0,0,64363486356,64363486356,0x24e4a0f781f1a00e902e1aac0c47f8d62056d32e,0x8d9e5eec322a7ded618fad7ca3e32f4960d69c2c9951fce8991cdf91313b5139a5021c306d9a22095d69746baf503a79
502,943,113250,0,0,0,31961501215,31961501215,0x1fbeae04138db4b28cec91f7b7861d82544c819c,0x90f5bb369116049e79997bb61b5a8f4a94dc705b4f4006459ac5dda06e6686b47181b3153a033e66dbeeed74b8e0ec13
503,944,124111,-58863,0,292,31999941137,32000000000,0x17e25693b3acb0539bf8ac6a405b22b24aa21b50,0xac80855abc85db39176d2ba18065be40d204bf553829569f38cb5065aa16039e4f05484e65df50295305a5ed417e1f24
504,946,123057,-1586852,0,0,32006296969,32007883821,0xe30215c8a2303e7cd9b8d261af28ad4ea8d750b8,0x8fab65e0c9d2d129f364bd514054dfd59bcfa8ccea9dea5c6484f12bd385f76ead334579fa1fef6fe18836091bc253a8
505,948,124161,-1596465,0,423,31998403535,32000000000,0xe28b9a99fb623969839cbd6c1adf406e17778e7c,0xa1143aecc530009c8d541b1a7b9fa2898534984e8f997add3533114c6b32e54166e4b2a8a4d522efddee6d2c29370447
506,950,124155,-1621026,0,422,31998378974,32000000000,0x2f5105ced98fd0dfaec6eed6125ab0d35f4e5c22,0x8b5ebed9d6587744f098a5b206c5d3113e75fea1bf8a840a34bad494b075a3b327db2e3b7712d93f77053605dc8c7082
507,951,124096,-2632275,0,228,31997367725,32000000000,0xc45dfd2ba4d2ce8ab24a9334513bc56858a27017,0xa4ee36cdc66b53ffd85cc52bb49998e1b7e611f1208471ad3931d5fddd724444e20e8a09c9c1f5604789e7183545ce93
508,952,123183,-2801382,0,0,31989679612,31992480994,0xdddc84ba59c337234d262afc95032c0c51545f54,0xaa9107add063f2c67ca4f923c62f7c6cb56dccec882105dcf5974c4952dc6c87875b434d088cc1fa6cea375c977a126f
509,954,124127,-3266625,0,355,31996733375,32000000000,0x8d6b61de69358cca25fef4b7f583bf3ca95a373f,0x89cdc5bc98f5e82f3ac129057c8589da071a161c89c178a2206cd225da3e9f434ea59238b621994942591829c52fe140
510,957,123951,-4546639,0,0,31994126095,31998672734,0x4480d7e1315cafaff96dbc0e0cbc09050adaa4c9,0xb092e9bee85e4790be62d3b8aeb7eafd09c23d98d815c779fe8be8be00094dbff24043b1be15840df0694057bb40c48a
511,958,123884,-4628405,0,0,31993650999,31998279404,0xa28e048f911f14fe99648f90a808ca949df5a5ed,0x976841fc372e62b70c024c18de74d354127f659b58294019d360bc212560c53981ba1f0b0f6628d76ae4a436d931de35
512,959,124125,-4715901,0,296,31995284099,32000000000,0x2903fd56cfe678c41ce82715ad6b1bda06f35aa8,0xa050f7b876198dd5f803b5b7b333b9412cc8828adc76d2070a9312f5dee8351044c3c31df4440e11574d3c5e241618e5
513,961,124065,-4752100,0,169,31995247900,32000000000,0x134962ed865d354079c4c90a3dfad97c79745913,0x924dce8db92d08157ee9586a7aeb048c589de48da3b3f0253e35a759cd5dfce45747d1eb63b09af05504d45bd14b8719
514,962,124120,-4765029,0,294,31995234971,32000000000,0xffe116bbad78c6c8e5ac963ad6f29ad6d3cd947a,0xb0396e8eb728a21fdd3ca1230ee97e6ec0be81dd048e81005ef5ab2b6ec542bd11a4d31c5330c1c0ea53c20bd5878a5f
515,963,124114,-4789593,0,293,31995210407,32000000000,0x253b6149fdaba4f59be036d538ab2a5e604af40d,0xb676d07c995dfde20a7bfa7a0ccc574c7d0e7c8d21945562a1817a21d96f3c10d8fa43ddb33f2b9ac1dc6df7c858b429
516,964,123849,-5725450,0,0,31992332659,31998058109,0x8f49cb80a0f32cd69677885752aeee038c88662b,0xa2f369e3b3ea9854ef47adbd78e27c15ba14d069756d6ad49546db73884a7c16e57e23719971f8aa0f8b7477005a0f52
517,965,123950,-6064770,0,0,31992607964,31998672734,0x74a5011587240ffeba5740dc06e0bc1cb3314049,0xa191e8e15eed1bef623e907e56c07a8de01589022ca6b3d5d241a0c67b6ff571c94ffc84f6b3cf545f31212a7112eef7
518,967,124053,-7459944,0,166,31992540056,32000000000,0xb921c44296390cf546d4c60e34832cbb55a85d07,0x80c73f27e19c96f43e4473c5692b0ca57be9f54ba33d6e0abe5a6cf0c5b477338300034cb6926de88a15d7997f40b938
519,969,124054,-7909617,0,166,31992090383,32000000000,0xd8282c6e954804f814e913df77968a30e45c1595,0x866dbb3cfa9d77baa6a122e1d9c36cffc3892321731fbbe5ff632de65b5e0071f5d5cc8df673aad03e6a754238062306
520,970,123702,-9282963,0,0,31987653357,31996936320,0x8605276e1d521d40a8ab93dc1ea620cbb8c75273,0x8d44cb74064f3d5a4c35a595df85f3513d8eb4ddf884e7e1e79c44b3505b65511bc7b15504c13390c11652a1befb2325
521,972,123996,-10192631,0,40,31989807369,32000000000,0x2068cc70f8841bbbac4b2b6f942bd89593bf80d4,0x80cea5ffd3d0f01e66f926e2b4c587f06173592c3be390fe794ed3ae1a1c0af5b7cc8412e0a941fd7be1699ac04d43c8
522,973,124035,-10759899,0,50,31989240101,32000000000,0x22b8424eb899147a699e4bb177013bf264c9ed85,0x83960dda41445e22d54148d65e696a62a2dc8c71d5564cb25b3e20db20cc7e823ee081097bad155708b5806be6849709
523,974,123973,-11128521,0,35,31988871479,32000000000,0x2fde5306e60a115a5f1a5b55d5b0c37b5c86603c,0x8199f8054d0282c1fc016ebef2b34554ead1e331860a966627702316d5574c6239e7b706e27faa757f0308b5bb1b574e
524,975,123405,-11857977,0,0,31993494277,32005352254,0x4a46780d4aef99e97359489dae461d5f1070d090,0x8001fc842fffdfae70b1633ce288c86ca2ab6e3689df2e8db5d7df9129cb427b147556b82a42de6665825337bb7721a2
525,977,105413,-11991093,0,0,63654672874,31666663967,0xef0f4dee906ca4377f8296f4eeb6ee27fb5c684a,0x8a990e3d1c87723c8441ca97ca7b504ca30d7ffc1950f79ea238a4ea01fd4d593ac75522e1e156d00d82b9590a195d06
526,979,121544,-12013365,0,0,32002593147,32014606512,0x32359d4e5b9fdec323802635738b29bd9dbbdc43,0xa5edddf6b2953b04be2a90cb116cfe706822f10e035a3c41d70bde1fbc2db4398cd909b282c1de56cea60ded082146a0
527,982,121554,-12013365,0,0,31954942111,31966955476,0x7b74959215ea0ca88a051e0ce1cd1266280073d5,0x99ed324ab7d1a9a7bfdb426c018f99eff8162961fd7e7a5d6ff7169030484c01e56449bd4d8cfc19b490e91347602e5c
528,983,121555,-12013365,0,0,32003333320,32015346685,0x70c25ed4b8d15d9e5a1209c10caf27a68a6e9ac7,0x8bce00e90057e425571ce9ece011cc2a40634fba8dd7a4a809978812953f9a1b0aae63aff9987cf51ebc59b070d4082b
529,985,121565,-12013365,0,0,31989541945,32001555310,0x9f504fd3cd843e3d03011eb373f20a66c2e7066f,0xa7c444b056bdc96b4b9ec47ed5d18e66c7179ba7998e731cede068da22c64c47fb372d8eddd775410d1c5e9e7a410af1
530,988,123070,-12013365,0,0,31979777089,31991790454,0xb175f6c17783cfca4ce9553780f8bdda98139301,0x8b7fb1acec3c994ab01043bf290430803906a7300f2278c5f7812809ad0d554f0232f9659f952b4dad44babbbcf81326
531,989,123078,-12013365,0,0,31979826421,31991839786,0x9db20edd530a66a9f1a23f789942d4478f0a3b94,0xab6c47ed872e290c6ac545f0484ffb40deba6d23ad5927f8a60c0cb70ce1c30a7163ee6d8c752db5d8d9cccc3fd95e0e
532,991,123082,-12013365,0,0,31979851087,31991864452,0x8a047cb2ac6af1758895ae3ad0506ce1b83e357c,0xa030df24f80d7693ac5551bf66766c08219819de7897326b127a49d06dc0105f308d561352d76b29e549deedd5c78467
533,993,123089,-12013365,0,0,31979900419,31991913784,0x986e24b827d4fb9dea617130730753d80ffcfc72,0x89076965c5677f198393de09bd10caa3936f04a4bb46ee9cfa36d487202bde72067633e136bf6e0b38522b0ba40e064c
534,994,123111,-12013365,0,0,31980023743,31992037108,0x6c443954179115b9ec2e4fcfe559bd8a8f380a5e,0xa735fa9fd56b86dabc2484ae63b09e8616e231946be464290b4d7c6398dda3f410359ec8d5ad57f6d5896459c2eb261d
535,996,103939,-12013365,0,0,64087021607,64099034972,0x969a1f7abd0c9fbd197ccafb8c33fa7d086ab3ef,0x842cd572d31b7795094464c61dc1fd17b6f9b77f78b0dc93acaf8ecc71074f6e0bf315273ec99f425bd421987afac92e
536,997,123235,-12013365,0,0,31980788140,31992801505,0x5bf60aa6a973aa54f9c1fcd10bb60ebb628d2edc,0xb8d5db12eb1c59ab412c7b6d223fe1fedde7f1a6f63cd8db1dd46ca75f75df9b04fda351af686780b2659abeacac22f3
537,999,123265,-12013365,0,0,31981053788,31993067153,0xc3351a91e460f9ba443897d943b24840070c5231,0xacdf131419425c7a5baeddf5d63698ec073fa8b50196eda3f573eb7f44e23dbcdac49b12a26cb85423fa5be751ac9211
538,1001,123294,-12013365,0,0,31981295240,31993308605,0x4b470f059f1a05bf3e1e0eb4f1da1e7ad6924ad4,0x898ecca319b259d0b2c1e6b9ae077fd86c7fd2812f98aca5cbc0fa331776f5131fc816972b081074211b68d8e2448349
539,1002,123295,-12013365,0,0,31981295240,31993308605,0x92de4b1a20bcbc4fb82e9e6acf94a3344a9dc07f,0x95ec0de8d28fa49f04caa3e1a5494f9f2aecdf60c12c8b89617b010d0a8ced1eeb7b0228c4377a93e8872a7aa516c057
540,1004,123298,-12013365,0,0,31981319885,31993333250,0x28f79b0ce55c93bf2f7b2415c8a73bf75dea8de7,0x930e93cfbc6a97f74c31d25f0b494e67413681ff8e8721e96ec1a3d9a3d8134ebfd9185a8c56b83ad6974b612c028669
541,1005,123324,-12013365,0,0,31981560826,31993574191,0x57760655c2fef419da61806d303a713326a6e278,0xa867a7d116478cb8a6634b171cb3c5718abd99332d83127a484e625f2ef875029b8d7a237289cbab6d83cba8574a6350
542,1008,123388,-12013365,0,0,31982023961,31994037326,0xfbf3bc2d8647c9c23608e4d0f8886d528008a6d3,0x8f02041c780ff657cf2e91e5f1f0aa1e08fe4c893bac8c3547402d2fcb447062a405a048f399a123f855fcfb2077e2f7
543,1010,123436,-12013365,0,0,31982353778,31994367143,0xf0faa47834a477e42296602d67a2299a4d32cd39,0x857368b091afaa85c542cebd84aac4c319ae8a44f8ddb2d87b147aedc8e12438f5f8a6f21155b15c63cfca626147f8fd
544,1012,107180,-12013365,0,0,63925295197,63937308562,0x53561e4062d25d0caf8100783e9da3fbd79bebe1,0xb091fe9cac13febd49552f571a97f5d6314f976727ee7895e8ddddfd959215646e57f04f02c7095fbbc4ae0bdde5e0fd
545,1013,123531,-12013365,0,0,31982920193,31994933558,0x1660fc620d296b704614b82d074bdd22ff90ec2e,0xad91cbec102b9565d93ac9d9f1f1045966c7fce5c0e1758de1fb37cdd5d520c5828ae483a5dc50eb1db559698f08df69
546,1014,123654,-12013365,0,0,31983683288,31995696653,0x9713bf2a5395543009d41417f9a12b4f43bcec68,0xa3e42af1d8bb8b120a7e86f4fa49e204112a38222fc029ba3944ab15822b68e4404922a128230b3eefd4c413e00ae1e3
547,1016,123723,-12013365,0,0,31984101596,31996114961,0x15f8aa1cb7487c8af1c9eb075bc62e49e2f4c0e4,0xb533d828a73e75a5438df39e1b7f6fe0b7a7d5c5640e5491dbd912c6930b7a0010dc2b27748c470df99cb7519c90d9f0
548,1017,123724,-12013365,0,0,31984126199,31996139564,0x66593a4202ab4ec67a9b9d23f8839a058ecf894b,0xa5996a52b73e16e11cfa26019f38eee05c8607d2113e485972cf446ceaf5690adc9b4d852d3194a8c0fb025767ced7b7
549,1018,123726,-12013365,0,0,31984126199,31996139564,0xa77f58eecaf3310e4ee44a6219f3e36c1304fcc2,0xb3b7faf99070b87bcabf42d9e4a6ba36220d50a5db18c513d6d205c272ad0efa2e84ee4073350ec4e287feabb32adb1d
550,1020,123731,-12013365,0,0,31984150802,31996164167,0x18569525e58d508eb186dc68328a8ef18e627fd0,0xa84d4f734ac9f6a1abba910d88be604656e7edb92d2cbaf7889b1e2740dd639ef591be855abea0b9b65c54fd6109136d
551,1021,123735,-12013365,0,0,31984175405,31996188770,0x3166abaab4f557c518d8e2c98c4e11b7fdf2a8a3,0x8ac4943e7111235b8b8a9cec66739bb76251aaa5ac0f3eea033f4752a8dc00f3712d5bc0abddb9cbbbe0e748183acea2
552,1022,123736,-12013365,0,0,31984200005,31996213370,0xa16460fab0e8b66c6fb2ac0a3eeaff2f35c2ddb6,0x8f34a5b04419cbc90606a4b738837aa86c6dd41c3c52cb1e925ac140d130b13dda6dc706c8adabafae0a112fe6272611
553,1024,123872,-12013365,0,0,31986192275,31998205640,0x30f5fdf8a34b31e51a259f66e34be61911fe791f,0x99b9bca1144b0e6c8dc2cb2ba3189cec2c7e8d411bd05d0bb7c3d7feb0a7aefced89a29b2bd497698973134bddaf9e8d
554,1025,123939,-12013365,0,0,31986585626,31998598991,0xa1efc89bc7d5521793f2574c96bee2f1444241b2,0xa87a3525b2b4f0d206f8a75c038e90677faae06a9ed16b784e8b798870753144f6edb4f4d74f4cdb3ac9b2fc76d2af61
555,1026,123943,-12013365,0,0,31986610208,31998623573,0x3f32ca52ac4316e6a5252b95388b59aed00b3402,0xa2693f8d10013587d4cbcc12b66b08c8034fadc90e062d65f673a5ec920951f07426192cafb8c31bdff3bc397af238b3
556,1028,123947,-12013365,0,0,31986634790,31998648155,0x22ec616840d8a4c9f937918b6c6990e004da6166,0x980297c0eba1c1dda02255bbbf2a0ee0b6b67b9685f3081ca04c9401a48ca6fe6ae19f9d325a946914eed542f9d28635
557,1030,123952,-12013365,0,0,31986683948,31998697313,0xc7b80146fbd8cff55554da77cbfc32958fbc2c23,0x9963eae22010834c7bbce8bf83093ed94a146ff88a2691397def9b799a2fd269cd97d2d84d127148778460ab1b9ac0d6
