rewards_rank,rank,index,adjusted_balance,block_proposals,beta_epochs_missed,balance,start_balance,eth1_addr,pub
1,1,123484,54940052,4,0,32060602662,32005662610,0x384757b82e2780be200df828daa9beab18ca3d41,0xa2b089e2e6b4fed39eb097d681b686e0eca929d94fa933b509dc0712d3fe87a5c0eabc9a1066d0262a20d71ffa99d90a
2,2,123384,52437133,2,0,32066711618,32014274485,0x57e7fc26ac6a3d7daa72242243dfcdb3c910c5fb,0x8c7add41a14e5467ba1af40d33398e71c089e50ce56ed400141eab4a54647a35e8067e1df422347b676af86bbd0d7406
3,3,123055,51909919,2,0,32059595109,32007685190,0x5b5b4d4f3eff0f72518de4d34864370d605d084e,0xa183028e33e033faf4d6e7eec3c6797711a68b39d45182c662d9c85e4b7b70bd09ffdf450314226d8c444fad0e1831da
4,4,123658,50620393,2,0,32055254570,32004634177,0xf568262449a9405b9d7cd223d3a56db9b534be38,0x938cdffdd99f0ac0fb0b8a9c9d3d045857110456ca36e348fdcf49715a709d8a8b38807e1b2e9de78fce5f60a3cd7a5c
5,5,123891,50176342,2,0,32052010419,32001834077,0x3f6e64cabfc18106c3ca38bbd026180da1ef4969,0xb38c5dad3d7d8d1fdf62aee88f2e1cec8fff61747f0fde5c183dc2797bd4b69ebbf18f16f4a5ed81d9e70a7090972d47
6,6,123560,49713665,4,0,32054882700,32005169035,0xbdc3b1550be3db6197627b637da2e2f7b2f198f4,0xb904f3bef723a63a2717994e5fe3655ff2730df9a659aa566957add0f09c32b9f9cd5b0d600e91815363505a4e04ede1
7,7,105621,49225367,2,0,64257630595,64208405228,0x1ef0ae72a8a1be143055416a1f41112e0d60ebbc,0x96a3462fc1ebcd32a6ee2d1644a3a18f155f33576723e5ffbe6ba6ae65c681e806dfbdc842ffe0cbd2de6a4fef681793
8,8,123345,48839508,3,0,32055223272,32006383764,0x95a286070f6d80761e58a84297c532621c18a725,0xad2071666de369c52439f0c08c945a407e24d121a00a36a324311a2e57e20b11c591ef269822fac87cd9646e3e6a4b6f
9,9,123613,48698174,2,0,32053657519,32004959345,0xa4f04a485f8560aa012beab69268a671c7592b94,0xa946a7d7b797ec2cb2fafb2c675159331f28a60d60ecc3145e3c635d59eae25e2766392d8ac8e0216a79174bb49d9d4b
10,10,123740,48632169,2,0,32052785366,32004153197,0x641b7545b152730b1e42050e1d4eefbcd80a416c,0xad48790ee949dca10bbdced3d70e9871178f33dcdb3a210899f36b8068419dcbb7dec60c7631a05f884ec7af8dffce33
11,11,123967,47680573,3,0,32049050634,32001370061,0x403d8b5465b192077b05836209fc298ec0eeeefb,0x96057e4a9bcb7b396f8abf0b3acc59b78a7c3b524b1255951ab9b8e2a726bec849f743f05f720a55a741cfe89416fc2c
12,12,123662,47659712,2,0,32052257067,32004597355,0xf8ced29d9fe13ae851c31b298aec88eba0d89ede,0x901d47a0af88522f0d4253d100e77494b693f1ec50b52c76bd01d42e91a5cf742e704f65421695b9c4be497bc8847434
13,13,123465,47197474,2,0,32052904646,32005707172,0x59ff430222fd3fd428a001fad3d7b1fc5c0b0e24,0x89719e81c9aaadf05a7b348e8405d9212aa9f15508a15ed3a3e26caa8532dbbc584abe312564dafd258d07388f05098a
14,14,123060,46678661,2,0,32054534549,32007855888,0x9af8c16a29af0b8a7caf139b1e5e14c387579742,0xa8e7f4829ff479baf77d1d1b4206d45cd85fcafbffcda823309e591a7474d9fa2306af59c45a7964ea19fc4150663fe0
15,15,123285,46647662,2,0,32050396333,32003748671,0xd20db470d6fb6f31c7d8cb7f68f31bc9883a907a,0xb35d49c133fb1058e4d2dbab5469927139a3cdd9d87fa62ba629a0636bf74c8217e8a904d0a67217d4a20b2f042d6064
16,16,123361,46643038,2,0,32052864474,32006221436,0x6501969cd31b4a44aedf2c35793e6d1f5d8b3d45,0xb07c81757b85568536683b80792a1312b0df74880adbcdc097e482ae70ecedd98de06f43e15c9f3179e460c15f8dcfe8
17,17,123615,46617572,1,0,32051542109,32004924537,0xc66d8caa717e86954f2081db0c325d8de432f2d3,0xa2f7b591132e67cee50b602929906922a4948547fcaaefeae8b323d48b7b8ca9d3bf4cfc94bd1ffbe60cd8855bdefd94
18,18,123611,46490303,2,0,32051400693,32004910390,0xdec6620e6ecc221910ad158c703f3bd4e04cf6a6,0x98313dd0fa35df5a2bf869a928dfec291c8b27474786a4737a0b5c6818990eb2a5af19c7a5b681440de9576c742e8018
19,19,123441,46487209,1,0,32045768769,31999281560,0x4006cb341763c02b716b65dee5eeb79728304bbb,0xa6c2f50d270e37910e3fafe1c8f55e15569f9b7b26fec18bda2f35129c6c0db4e2ef7303da512be94b9ed4e05420ddb8
20,20,123491,46386059,1,0,32051915521,32005529462,0xfb53b5da2858b8012f3450b26899b4f804bf9a17,0x93fb82fd2959e7cf7beda7def24e750b9fe0028b1b362ce3cf4ae67d7ab6951e3c78b16a5048aa04c785d581f4685bf6
21,21,123597,46378710,2,0,32051340183,32004961473,0x63097a64432ac3b86f0a7dc81cb93333c05252d9,0xaf3f2388f2bc9b096e8b204abef6d5d07de5198b57263f0334cc8aee6d3d3e2a62a5de57322545f13b6c37d2ff4dd2e1
22,22,123720,46319796,1,0,32050577807,32004258011,0xc407d40ae029ad0b3471b52aaf48ee735810328e,0x82bc47446b98e1e1a6cde460e5b1188176ab81d99f63d37f8cb5c3309ad683ad1f71650ca2af9b06361bc741847f2cb5
23,23,123081,46126838,1,0,32053848683,32007721845,0xd974c75f228390090080801675b258c043032a46,0xa2ef2f9332c9a7e9d260b7130a2f0eacc1e2af7ef0729730caa0e5400449e860c7fefa20f85ae48051d2346a876171ad
24,24,107059,46015626,2,0,64282951308,64236935682,0xd901e65f93a31f1d4b41717e8f64c78a5ae62cd6,0xa096ba0c3793eedfd77833bcbbcfdc3786343b312577ac1c20a848859383c9f7fc58d3a2c9f466f2284b3542c63f3426
25,25,123336,45902621,1,0,32052107414,32006204793,0xbb4aff5d6b60847c7396992a94ecc9a814de46e1,0x89d6132f762d66b6e7106b6372f0df470070e07165363a9ff1d22f38c2ffa72343f274471b83507294702cb0c1ef770c
26,26,123579,45890066,2,0,32050918186,32005028120,0xdb945e85674f72571a455bc6a0190200717415fd,0x83b9175b98682d252fe8aa2cc604becbc4b70642f819c73a2347a3c8d10c0b3afd3764556441966961e1235318dece42
27,27,124060,45636348,2,168,32045636348,32000000000,0xb9a87b4ace81415239caf9187995815673e234e6,0x8143f97ec9ade2015dcf89a4458e38f245544790fae04eee9a363735fadfb25d7c6b7cc63030efd1849416b865e42ed9
28,28,124041,45297959,1,52,32045297959,32000000000,0x3c683d3547763ef6971b27c743187a39507b7113,0xb8c75e4f284c94bdc4f6449441afbd12943c3cb6afc947e10225254f5c9e51eecb73ebd799104e68e76a437c55fdefdb
29,29,123661,45151740,2,0,32049797551,32004645811,0x08af585321f23e7bd8f617586fc9a6a1212a2e4b,0xb8eb6854971c231380c9e154e7f1914b1361ba0bb52846604d19dd01d872e3b19a204c7456392b5e2e06a57739583793
30,30,123220,45048231,1,0,32051890057,32006841826,0xd7ea27abe6f89b73866b69d1de66b192086c79bf,0xb8e98e98fe0be7c54dae1f48b434c4ca02cf4fa75549d18ebdd8198290cd74385196530f89ac4399b4567a1069770e79
31,31,124079,44986255,3,173,32044986255,32000000000,0x75c8c9e5c64e9830814446d3b20b71ce3d19a21e,0x8b7d7ceb9d46a967c6107ce36780dbc7b726a95d197fb6db039f39335b4dcdbbec26b4147210749a0adc58adab65e85c
32,32,124025,44753320,2,48,32044753320,32000000000,0x57d35c3a374d76c695445957df1b633c78ffa1cb,0x8e1ad7147e9010d2b6d8472102d58c1e451c8646c4bdb0e60b4c9c836e5664cae390db1fac9c5f669ff38035dc38574b
33,33,123945,44740594,2,0,32046212520,32001471926,0x2677761b0edf2019029f580431a5f0d76dab5058,0xb901e8c0e379b61df80dfd37f7ca35d98e80413da8eb5bf288d4a4ae8075f1e639d688cabac92f0bb83681e054ff3640
34,34,123955,44734280,1,0,32046143463,32001409183,0x24d5ec8eddb8ad36cf0d20422018f879d9a56b67,0xb0ad1376262122dd1bbc7a178b77effa42347a54d74a6b59798a70c96d8607f644728b40538b812e627a25b32db1084a
35,36,123586,44504542,2,0,32053181112,32008676570,0x733a683d1fe5e147da514d49aa25eb285683af5d,0x8116def6bfd136a1b9347e46be966373744a85c036a949cb68aa2c3d2306c6ca6b96dd03dd4cded85e9629351a440327
36,37,123608,44459265,2,0,32049395056,32004935791,0x635d5b96e3f71601f2abe961c249c04fe20a0de9,0x97e46465e57d1b48f355d9772303277f6024e3bdf21a489b155195605137bc9cdeef1cb2d32fdbb950e187a711fb59ea
37,40,123743,44252728,1,0,32048429470,32004176742,0x7838103c2275e4dae2fa030d3f2613fe0c5418a9,0x8e74c790de1f85d5e6c439c0b8222468e6b1186e44d3cdb193b8f4c0db5eb7f09d574c258a8be104c6366011b61fb780
38,41,124011,44221206,1,44,32044221206,32000000000,0x336e5ddb7215ff68b32a07a5e10995ce653a111e,0xa55a13ac91cb18f434a0268e47515c34641e4349e7c42e1cde1db6e5bec6c6997f982e6ac83b4aefd0c74b07bf147326
39,42,123594,44152129,1,0,32049122976,32004970847,0x3771470cc1770d0a0f461944a483b59c27c72094,0xb767bd62a1cfdee2a61872ef48b6ccc9e7da01c9cbb4518cc5f57cbefabe2e5e29b807c2674362169abbf14090082c7a
40,43,123240,44137395,2,0,32048175860,32004038465,0x6fe09034941ac88126f416098b45917a0c9e3906,0xa3ee8c5bb41cc588fd5151421659f6422aa963b91f76c89c7bf44f1c504f4e9b80f23381544f25c14979a721834f23e8
41,45,123041,44058488,2,0,32052144188,32008085700,0x98ada00c2a47509bfc852c188a668a4ef25009e6,0x8878c5e396bf56c3949b7a6f43751910453df01244244747e9b2127f831da895bacaa312a8571ae52341910dc8d6b4de
42,47,123619,43888936,1,0,32048802051,32004913115,0xf403172eeac76213f82a5f622d5858e3c8b6de81,0x8293d0cbf8e478c97829b8b936f17a7605f03bfe92498007cb89acc9d301d0602946f649ea7d42e74deb7b6a66ade299
43,48,123580,43872764,1,0,32048937767,32005065003,0x04e7ee585af66f41b346f81313488f77b30c2af3,0x9464f81a3275c85c2db5eb421cd1022a285350d79a3d7361d9c369ab6b539f59bb80ef4d0c6926135e49079e3b1b7067
44,49,123957,43846692,1,0,32045226002,32001379310,0x424762bd0d1104b86be316ac6056b68cd0de0d4f,0x8284165019fe5b791ec402f1b2ede63791d4c1f72a18aa8c063f00f0fde328550772cd3804368ce7a09bc94fa8095d12
45,50,123565,43733468,2,0,32048827328,32005093860,0x6033ef3c85aa8d095bb856527120d6caf5a9c5af,0xb768eaf018ba03e79de74f1c0da0bc60000792acd28609ed981d1c8d3efee4c9d3c38ec6847e273708ccc90b41ca1324
46,51,123924,43719472,2,0,32045269181,32001549709,0xccff99c4bcf4129ba65b0b464bcc82d59eb003bc,0xa2e2fcbdd97d37a8f9318300fdef363727891da44f012a6ac8172b660b68cb015c9a50bb9eacd47123d6035921bbb6d7
47,52,123928,43713795,2,0,32045322208,32001608413,0x0f16ad3e18a24de047defb8d5c5fead4ff1c3879,0xa9372a5d4b2a3d254267b2653c12960fe62210eeaff8b5f8ddf4673613a4f3d9d9516f35af9c93d06eaa443865de36b2
48,53,123798,43709710,1,0,32046262601,32002552891,0x5ef44516ca909b70457c483a3e0efa9e3e4e3d54,0x980d939f7d96a13791258dbdc7c080516d5f5917a7188c08f615f917aed7007f08fcce1f2f4aefe9dcacbffbf5442bde
49,55,123327,43655597,2,0,32050123677,32006468080,0xb28dc5135a76a062382444ef1457954d99241fdf,0x85499177f6bafd0bcb9c6562787dd8938004b1802f133ed3d1c1fa908131b534f2e92e1b62b9633de721df4901d4000c
50,56,123333,43644452,2,0,32049915856,32006271404,0x9a1cff839360f693d463993bb4593cbd241169ba,0xa4b29184cd58e241331fbd55f78359e649f1a5f3968fa313eb9d763f90e6fae6b00124e5643ef6fdcdaccc0d1eb26ea6
51,58,123453,43617961,1,0,32049351017,32005733056,0x7e78228ecad2b14bec742af5507f102116d23e87,0xb7b75b544842e29fcf5babb495a4bf26eb06ef032f863b1be7aa85c0f6177f45a6d581a167981033e7d493013921b3ad
52,59,123533,43612622,2,0,32049038269,32005425647,0xa627aa20485342ca16960fd1f77c547801f7f763,0xa30f03ae5e900a68bdf2938bde80e606aab9edf10024bacab4564aa7fe1690851c51251f4b8ec7bf6bf5bf2aa4508784
53,60,123419,43579510,2,0,32049549277,32005969767,0xc7ceadf13f345e914036cca9849e1f99ed329f0d,0x936fd223bbdc8c367af9854cdff2767cd5abf56a0c0247ac61e30b19becaf5f740a6c063054345ba14ebc7bbdae0da3a
54,61,123477,43579260,1,0,32049288443,32005709183,0xd80d8eefd181f2bc79288c4eafd405257f2d83b9,0xb3f4519a3470040f4b395056af258f28da242873986a94ffe847b5bfd948b916f0bcc841c4cc76095ccf6c37818445e0
55,62,123564,43516568,2,0,32048710241,32005193673,0xb8db2748674511b86c05467909f46318b4e16f7b,0x840ea8d220d226f49fb1c293a7b68fa0578afb76ecaf13d9958364445859654028df3909b4e19fee669d79a2dae2c04a
56,63,123814,43464854,2,0,32045842272,32002377418,0x3f77a8c6d02729953358dc60e802c776014b037d,0xa50669b07039871acdac60786712144370fa8ce3fda587e20538fe43f93eec36eee67b2c3c55dd2cfbad02a575295e34
57,64,123346,43446456,1,0,32049874818,32006428362,0xa3d0baa8035cdea72e0dba2b5626bfa61c79f6a2,0xb6bcac1bc420301b796bb8c6f03e41267a59010f9798be4965eb69d401fcf57be14392dff548d1ede9068c91a7e73818
58,65,123338,43442944,1,0,32049697796,32006254852,0xa2fc67f739604b00aee17b4ab95285b92a38ffeb,0xa91557d129bb7f33e39e056a72474c5a6c3225cd009c0f2a96bd2e9f7aae517521343b8d4c2d55d5ec7d17ccf46e46e3
59,66,123229,43427963,2,0,32050217911,32006789948,0x402c049b925dd377a7bb6eb81ec2ff936fea1313,0x92d2b6ff6d6160ae78acfd54490423f48bf9345dce1d104d9d063a33897137f970d6d95a18f9a85cbd62a4f5d95dd82c
60,67,123742,43414074,1,0,32047607404,32004193330,0xc4462fa62486c716269d9a8c9fcde56bce1dab34,0xb6d3480244f742389fbd5bb4b65352a6429d45a71f8c23dfece52f16a454bd431d5a76bae06a26d4bb96c2727f0076a1
61,69,123821,43346926,1,0,32045712689,32002365763,0x89b9778050a1bee493fafc0f542c4d279cb56d7d,0x812f2ab7a650385b16b57c0d6d30fd8da735a01abc24b07d3d7ebc9f996e1720982e572edd56f349b1d3b9bde131fca1
62,70,123782,43305892,1,0,32047155054,32003849162,0xadffcbbab807cb7e04331fe65c2d7486caed8025,0xa4abff60367e6b06922707651d693da7ca7d42b3975c944418860371c2498cf3f7ee20e54b28edc7e8f054ca38950c7c
63,71,123267,43062084,2,0,32046799246,32003737162,0x865697d5c411f52c57f806bf20817ad644b0c6f1,0x893e7e52baa866271a065047367a015639039b4f1ce601286d508673ed7910e8847fa6268c06300605befbddcd9cff77
64,72,123467,43060606,1,0,32047349836,32004289230,0x6778ea81ab6cec9e0c0c069561232768b1cd802b,0x81b2b64c28b4fa0bcd31a7fd171d68abc78c9db063c6a6f58a3347bf3f9d828682b11cb97f530accd6939d777f164aae
65,73,123812,43048464,1,0,32045319793,32002271329,0x95745048f92c99fb02e7580bc750616246ab3af9,0xa62043e6b929dbbb16a334649a642d88579a6a11052950e54d220105f72590b686b053ef5d801c8f1c4f02def7c82f38
66,74,123916,42990555,1,0,32044673727,32001683172,0x227b493dbe2ec037c4644079672270e3060aa064,0xa16000fe7b4a0036730ba6c7cf9c8d4222c327f434f3fe0854e8210ff3d573a9ffa2e831393129580632fd75f1d88cec
67,75,123833,42685826,1,0,32044894319,32002208493,0x76c85df39405937be6fe8ac1e44b3ef4ac2b631a,0x93641a58e0b77f2c7871954f936b42faa8f32803be10030b34cc2deaf6e98c5f7dc31bfb53eef86cd220f045be036264
68,76,123598,42671101,1,0,32047674252,32005003151,0x4043c76cd517b0de74d58fe782d67a56501162da,0x8d5a191a448f663338d03d867dd5bc519131cff6cd38fad7b80d604e1ecb6f0fb1756a44c9b68f20194ee0f1026e570d
69,77,105616,42562612,2,0,64241581909,64199019297,0x3152e8317483099fc8acc93cef709760fbd3952f,0x861b67fe1a75a4c3bab39a2cff3628698ab66e7a59d57c220c4fad050d5edc727b23ad45ddb4b32a5db027a56bacd2a1
70,78,106465,42519309,1,0,64221026480,64178507171,0x6af4e87b398c0986d81ccf59022bbeaaec2f5367,0x84317fcb8be3f3884cfa5c3eead72770347f705abc84ac0be89e41bc3f323a4975d9074d263d5ef6b493eba6a76fa0f9
71,79,123290,42406962,1,0,32048887122,32006480160,0x8686486f7505f63f61ddcd973a60938f3a1a61a8,0xb420da45f43c352c1c6fd9edaa6e2a8170c04e8f15e4b5fd1a6ad8bf833b5c28c5ad27830c6eb4de2a4c3173a9dbbd04
72,80,106467,42348466,1,0,64306061648,64263713182,0x0cf13089a0cf0295a415da97b16051dc98a2cb52,0xb88dfb084075ca0ef04bb247f251d169510964ea8a69a59ae3d3f310042b9986013dc33924e00672b6e37dd37a30c18b
73,81,123909,42288262,1,0,32044026998,32001738736,0x6de8f905b46e36efa2dca25406fc07d87e421663,0x905ae120f04d6f523381df61202838789fd387892ee86949c2b285253022866bfc3b6d7b879131b2ef49df81750bd5e8
74,82,123981,42161356,1,37,32042161356,32000000000,0xdf306adc310f0b496861f9e675e1d9152dd8c233,0xb479d8f9d1674add24c44c4540331a8b224966c73d93a7125339352f1690e38792438f927d6141225f3d15cac4d2294d
75,83,123840,42155997,2,0,32044391311,32002235314,0xf69c1c534779305edbb5c101d76c8d41c1eb7d9b,0x87a399df808d2d9690843ca3f97f3ef676ad3bab156d37b271f00741350f39230343c1b9a432b8d3cf49b19f8ab66e7d
76,84,124020,42133545,1,46,32042133545,32000000000,0x24a8116b077631b489e6e8eb43a87420f152c79c,0xafa72f61c151daadf6b89d110b671e589e971d9b00c12d6f47771a0ec4158207c1fa01ce6ec44d60b8f44984980d6ee1
77,85,123588,42131659,1,0,32047130380,32004998721,0xdcd9b91e3446baaf3279561236ac903439e37a02,0xb5114562bdc90d18f0bcee2facdb44baca893eaa88cd67caa822dcf92de4843e74b249ca3cf730ba9cb5519951f4a10f
78,86,123575,42078790,1,0,32047172997,32005094207,0x6cfa9e52be1f4a3b473f54978a886aa7d06df936,0x972668fbffaf156189421d08e531fd98c576bb45cb4e01fc1259ea753439ee2b1695ed1305d56b02dac6227228d3b152
79,87,105619,42069896,2,0,64257772182,64215702286,0xa7cc52b7598c43cf56ef34fbd477a333edcc8238,0x89c1f68dca7ae3647f738537061891fafc1d742a03a8ca26572e5176eb71316602c3a1d1fbd2d4f105e9329853f646ca
80,88,121597,42026841,1,0,32068065013,32026038172,0x1bd461fbc9559a689803cd8374a054c3a041c7d0,0xb09882c28799dc5ccdd0f61c9264f1f35432a1ee8e3716ab99f2aae6f74989b24665c1eb4fc95f15a86f31172e4119c9
81,89,123308,41828033,1,0,32051634097,32009806064,0x08f51268b26a7f64d5e72e2c1f391ac2c526d836,0x980aa96971d487843ff9d171e813a9d13c913cfe8c1c266ae1be103e98d92d59578434402ff8dbb3b706078eeea4552d
82,90,123242,41743217,1,0,32051466250,32009723033,0xbf2a8f29f7afd7f3040814317150d8958dd06b6a,0x970a42dc007e679177772d7c6b8d9c8be9292124b0a9f363b20c329de59e9bbd25150a057872df827002767af2a12707
83,91,124040,41603527,1,51,32041603527,32000000000,0x8fc668c95c1980e8d1a91734382e0b39204adaf5,0xb215cfa318ffdb7243fc23972cee8d79efd4547efe25f1acea5fd7e5823c71ff85f2164772023937a922ee741b00c4f4
84,92,124073,41437485,2,171,32041437485,32000000000,0x98a61b14844fc6c51d62ecd49d2fff793a37f4e9,0xb66b76c81318085ef8386ef8ea71a5ecb2594824d5a3d15f4802e4edef9874347703b08dc08a5cc1fa76353f1b30ec5f
85,95,105288,41095039,1,0,64218974655,64177879616,0xc0eb84422ea5691b29f99000a84bb18636e27471,0xac4512ff66041690d290659d10440ad492491c9645dd35201f8ccbac037b32d2545a9fd405b6260534dc09b5ef08e301
86,96,123511,41081809,1,0,32046554980,32005473171,0x75dd6b2ee9c84fde67b8d1fbfeb1ea7aac6aef51,0xa72526d7869faf4a76e186a3998f0115166428df24f03316135af6981ccc05c978b5a3c601e937072156a4b51684a639
87,97,123606,41063964,1,0,32045978925,32004914961,0x02800b7e92d88cca61cfc9c2c3f59c3468c86c96,0x936c54d6dc8e0bd75afbeeb0658d17deb1fb2b167e05a0148dbe2a83ed2133abde78640f8eab5702a6fd78debf0d5b4d
88,100,123635,41034037,1,0,32045770144,32004736107,0x18cd84e101fd95cca018bb0fbdc81ad409813569,0x84a874992f81536b5a47185f72061480ebc15124c6c4088a8099196856f31768ea360bf567e7d724bf536587964bcefc
89,101,123640,41029022,1,0,32045762243,32004733221,0xfa47787a63d326d7919b3773f4c32930ba1440d6,0x80d5890a0e71ca05e4a3efd002283ff2ced86ac6b9e38a15a34eadd965961d01b65da5663ccc2956baaef8aaa620161a
90,102,123305,40999418,1,0,32047605642,32006606224,0xa11c41c194250a2f42c06421fbf8a5f107078214,0xa179b8d043b4b26933cd3d36b6988c9bc6d3fd8f871163a3bf8e2e6e436202f7dda2ffce535891a2d73878442c86c9cd
91,103,123914,40988521,1,0,32042735058,32001746537,0x0c3c71f9a8eb1720aa2ac8f7fb1bc004c0d2bbe8,0x93d454a5c5246b599743e63487ba0759594a5029c2055fb029248a7c5ea3fed04112b9524c3f042c210cd0c600b64a8b
92,106,123570,40951602,1,0,32046057840,32005106238,0xaf80e88b0d1fd57440ba51cb48e5e5329428b785,0xb79023985a5f714dd3a6e29fbca27d5ae38ba7fa0e8366055ae8b41247a63ba24972d2d18bef0bac8c3f21b62a191968
93,108,123293,40877234,1,0,32047370010,32006492776,0xf8d03584c30d2a9036c58e2bd3079f4bef98456f,0xb678c40511d03b56b33baf882676cd924aa1480c17e88fd02a9ffd7cc00930ee0fb7ed6bba519327d250c6667ed80f7a
94,109,123582,40873713,1,0,32045971461,32005097748,0xedf021c69566a907c9285426093a0689f3194e58,0x952c36d126a0f4c870281c489ef80678c5180c28f7ac332f6d1ca5b76be20c4f1c2e404c644c08399030afdc0ac7397c
95,110,123766,40845350,1,0,32047903718,32007058368,0x2aad121c29e8f7a75fa1dccd9d43e4ffb00bccf1,0xa53d5f577234bf6e13df4e8ca965961a71d2c2dbad4071f59cfb4b26479c8ef07fb7eb2f30cbde51860e85adf19afde9
96,111,123485,40816647,1,0,32046374755,32005558108,0xbfefab110a22ec081a6406eb29c3b2491414a099,0xae8b82be58b47ddad2a9ce31b22fb117b73a0775ed736ca50d33b4daa05a4738ba5fbfaf9604d2c5ac16925608a74f9b
97,112,123489,40815919,1,0,32046356363,32005540444,0x675152957f05e44f52de58186817defb693dcd66,0xadeca417ecf59d72e3269829e85f2fd480c909414db5a6531107569dec0ac9107a94283236393542c8b61e5b593f6b2b
98,114,118511,40806983,1,0,64230669674,64189862691,0x6d7abf9052a3e77ec751b4191f4ed1d626a48711,0x9492daf573ae9220e88201327e9a28dd0f28e04e8906b67fbb28948d89ec64f2f0f63d7ae903ce1c4737a80a4e278e44
99,115,123585,40806187,1,0,32045953331,32005147144,0x33ab831d5f5dcb71bae385bf4ac7d014e6e978d1,0xb1e5f4f37a480e28858f671ea990357c434730f7af7e26a07d42eb846b9df1e70f36d53d98248c92e640a0e97a5625c2
100,117,123745,40782145,1,0,32048089118,32007306973,0xc9322fde3436394ea2bbbddaba03afdfbe175ecf,0x813d4228531e6df934fec68ec093c173c5a2887cebc4ace8a12163245d5f98cd1a7bff82c0c2c271d57888e3a06d3836
101,118,123634,40776028,1,0,32045555988,32004779960,0x78f73a75c089790865e56d6811f6f9820d8c7715,0xa38d0d4c1e47876e3c8747d459e5c20219963270a4468de2c403763d66c325f519ab5d8218b17b5b78dabd46bc68d066
102,119,123697,40769490,1,0,32039970193,31999200703,0xce5d80bb4fa220438bef78a8334f4808b500a81c,0x98324e08388c3c9897bbdc913bdebb2e5714e0be8e97eff0e2330e1467b2a58c39162e3eaca2dedc13ea616e485711e4
103,120,123075,40768776,1,0,32053338788,32012570012,0x6e1c2102f37d82bfd1c4ec1ee8bcf36c4f1c3346,0x826cbdad3d797673a1b7a14029e1d42eff15dcc3a39bffe2b647466a5b34c768d79c1f868b4d3d9971c8d59819a6916e
104,121,123539,40762368,1,0,32046138544,32005376176,0xfbce5e1a72a0bb5f9de94e26a071f6cab322ea08,0xa11fc3e23c52d5798f6779b35e56c837574c4d06a98dc7f0fda568d13e90b373218c1e5363b792d05c64afc6f3001b63
105,122,123763,40762102,1,0,32048000022,32007237920,0x731869ae163fc825f16355f581dda727a7237e2e,0x97710bad2e12736bd0ae0a713a99af97f9ec8bc2ed8f9ac6eba3d9e4a8c1e9650ad372e8b10637cab03c93cb9023159c
106,123,123642,40757442,1,0,32045442555,32004685113,0xaf93bb0de8b38a60cd7f92df56b7eaecd27d7093,0x90b5b4426b19f19d135d3673a79543bf797742a47402ede428c967a6ca002f9cec4f3f3df4e9c38daebaf00104e800cd
107,125,123494,40745708,1,0,32046330645,32005584937,0x34a708f8f8f2aca1a92509beceb22e5f028e1462,0x83f9cf6d5925dd70c7fd333e01f2cc57c440fa1ed40eccab157989af762bb2d71f9b2c773df4dbfa7a0293a81632c822
108,126,123755,40711461,1,0,32044784342,32004072881,0xfd15ee7a39d4e2b6aa00cc9f1038179ad8e760bd,0x91de89d1b53087b481db4ac67babe01c969f0104ab6416dbb298aa7c973b2b4db850c7308da9d133290905b952cc5347
109,127,123375,40702102,1,0,32046928076,32006225974,0xd2c8199595a7d3726226bbfaa536481cd1ecd6cc,0xb321af821577a8a57742fe3c0cddf1032f7cb6c3548f6b898c88abcadfb90715f371f99ea778a7dfdfcc713c159d60d7
110,128,123581,40689849,1,0,32045824520,32005134671,0x6bb42be5bcfb866170e35dac9c5135940d951797,0xac26db020434b5fe05d38096963b21843b15d267d4ac32dbe2f1b73dd55f76576aa99acd44f1f3b5d7a0c8fb23767a3e
111,129,123351,40688066,1,0,32047020333,32006332267,0x0be332a7a67561785872f0c602bdc991d0331ccc,0xa573f6bef657f26de59f6ba0e6e25c7bfa7712ab655aba9d54567d007bd7e11a68038c527aef453eebe424daa84a34d1
112,130,123365,40684332,1,0,32046776958,32006092626,0x857646e21dd61f3f92cd95a34841ee3d81bb7098,0x96bc58e02c90e2e42250677e5b459d39f3c9aaa149745a3b2e74eeaa57e56b5ded409f7ff897521b4801b8e98777147c
113,131,123067,40673792,1,0,32048446810,32007773018,0x3355091b26ced0080b412156aa6b40221215ac6d,0x96905dbc04d0fdc73c3c5b3445d80ecad7b27b7357204809f11be55dea2ec5eff9ab711a909571f6fa47a4ada7df46d5
114,132,123541,40669322,1,0,32038912587,31998243265,0xd6f64a53ebdf4d35a5aa824adfc08aa6ec4970a5,0x86c140ffba0681da09da4bbe84611bfdc548ca7d71edec60a319b8f61cf7ba95ad8d51af5e81c3fb1921c7385c4f7670
115,134,123343,40666398,1,0,32046941150,32006274752,0x3962b5e5f6a46eb1404bc78631ac8ad127c4c348,0xa2953a630330f67562ac86fbb7e26bc8fab695257876d61ef8bcabfae2eb1385e66d4546dece20bb492f2f32675b4016
116,135,123520,40664667,1,0,32046048121,32005383454,0x3b7e617afb93194293eb26e058e938f76335cc45,0x988d34d31fac6bb297838a65cb6fd3df1dc8a6e3ab743f9fc2ac29575fed8c153cce2542e5c15998e0d8cf464f7f3232
117,136,123050,40663813,1,0,32048652705,32007988892,0x294560acd8fe87bd5e4a0db5233b26dee871e2da,0x8ec5ee289b9d9c3ca2ca8eeec71a345117e4466b28bc3e826501aeab33ea3e867f327f11913d891427a562919e6853a7
118,137,123712,40655050,1,0,32044957919,32004302869,0x84e5ec84cf151af780abaee6080dff64d5bf0fce,0xab0ea18dff6442b81335433c80b682f8ea41c4f43192e6333225ad11292d46ea676779dd783fb64ee85cb318b1c3d7dc
119,138,123217,40654489,1,0,32052483164,32011828675,0xfe36015cda4d3fb0d5f28125e9bc5462e3a749c9,0x8f43b9182c1f8e867d33dafc5deeb8c34bc111e6aea8aafcde66c18cac9887354d9db130b033a4bb4ab8c27e910eb8f9
120,139,123488,40648121,1,0,32046277849,32005629728,0x836504e4fc62e61ff4a53b98c4ca985d76a9800f,0x962ce4f0dff879b1f92afb25c3c15b099174131308d5037b467791378e07e7a471a3ffde46c273102e9caa03af5da66b
121,140,123237,40645724,1,0,32047336208,32006690484,0xc53572496af3c7997dc2eb23f00e482a1e9fd965,0xa50972fcc7e2bd05aea78287a857874bb8387a06ca60e94fabc012531267dc4524b0bce7d6a24c977d3a684e90313fc9
122,142,123851,40608872,1,0,32042755350,32002146478,0x624b1eada75758b08ed62171258ce83cf0b921ef,0x843a1326e2155712d4533b614e48b570e785c959632430c3e67efcd387babd203a7dfc9bec8272d20a1b03b7d194cbaf
123,143,123139,40596910,1,0,32048076249,32007479339,0x8f12676ed139f6ac1cca8e311f43208d3e5b3f14,0xa908e24bbb048a7183e02d9eed73c772f64b7dded5e0e108ab789c05ee54b2f97b06237bf38838088fff81e00c54b8cc
124,144,123234,40596287,1,0,32047231116,32006634829,0x6839a80a8f8b4f098f36599ab1eb794a31044a10,0x8d8f8c90885f328993dc7eb03ce2818d7f7ecfa3b23100f83558c4adbe0e92fa81c0e044c5711d93a0983f10d92a9678
125,146,123196,40564358,1,0,32047398997,32006834639,0xb6d59f7c2e6f884f2ece7951e24107da5dddb4f9,0xb1591a060b7be59d6f306a612d71a9438d288cd16441d03c5d859ccfc43f6a63a01e42e32f15cf6f210dab7465f83685
126,147,123904,40563397,1,0,32042331512,32001768115,0xfd9dcaa7200c91d5f07bc23a89b5586acb9e07ae,0xa4da8ed56aa87125238068ed4343ea6bd0778bb504d144a076b9d3b36cf86d3239fbbc7213ade885a37f7a08da0bb032
127,148,123323,40549092,1,0,32047004601,32006455509,0xf2667438a7bcec847ac58c4ca6fcfc68c152cad0,0x889991f0abe57d061a9020e85525549e442dea3497b4d8242fb92a25fdc4eb20525b211ab69945201d4b90f588fdff55
128,149,123883,40548416,1,0,32042481166,32001932750,0x940fa3d510e240565982baba996a62a4f28a5dea,0xaf0a264e42af174061245b42a30f4febb2ea6a719c39de685c2da8655d64885c274f9a2e60c6ac5e353549ee352efa19
129,150,123478,40544726,1,0,32046188785,32005644059,0xbb413d970d30ad1b6f2074a2413efde55eb78de4,0x8e6e518ed80e501df142cc57e018d60c3b2006a68f3b27769241faa1499da56e387622d752990092fcb796ffbf183a9d
130,151,123113,40543043,1,0,32048059192,32007516149,0xd9b003148027bf7e1729448931a92f3e9e8edbf2,0xb3a406b55da7c149778ac94dd2a7235839d15484cafda1c4d48dc1f26eda1db1c1f1d1633b33dabf98925a654f1a090c
131,152,123502,40537658,1,0,32046045580,32005507922,0x79fd4f7ca658d4f00781401d6ec3ca8c4c2022cb,0xb1bd44161b6a6d24f05905ecf18b21b4d12ca57c38d5f701338522af4acdf9260309815d51800f0431a95893358da085
132,153,123054,40534896,1,0,32053487757,32012952861,0x6993aff5aadf101de3ca2076b8ca19d8784ec9ce,0x81f00c04979105fa324ad9b4e10b74e57e4685bb41982f9d414071016a03801d44427884998ab1a57914e0c576a83944
133,155,123097,40516458,1,0,32048125403,32007608945,0xb1255a45de1ba5755a2bd68e6725c14a2fc5b422,0x953e4cbe4a7c9e840ddac2a57a9b5c605f0cc97e08c35f78dce5bb8c81d059a7becdf3a6d01817a163705e6c9a43b673
134,156,123843,40508830,1,0,32042662839,32002154009,0x73cf13dbf6526a6147a55de43d054ec2ac32ff52,0x87e14daced617f2748b372f755936b2445e899a2852399217aa2c3c900d4e00eea7014a832323a37f288836bd5a5103b
135,158,121564,40505098,1,0,32068055946,32027550848,0xb4c6b0bbb950be7d08fe577915c9d40df43557be,0xa1e7c016e0b4abd9636201d27c4341144248397a5cefa5ca1be59e13632bf48c8c2d59c74a5431da5e3f625cad2b9b1a
136,159,123667,40502109,1,0,32045115635,32004613526,0x55a6083fe8c8652c339904ad9e285eb7050db3b1,0x8f8a0e99f9bb56a8cbd07a6d1c3b33ee86fdbda320ffa885334c42a9ce319902b0d72d2c38f247e68f5ee9b4fa175d0c
137,161,123627,40493883,1,0,32048945184,32008451301,0x70b4e030b2ffbc1c44c7ee1bee17b26d34b167a3,0x99e9e05aaa057cdefc850443c7d04a02c1e095551d005328085e5b6a5b7b86a8c543da6e4c3c9ff537955efb3f234195
138,162,123049,40478298,1,0,32048363622,32007885324,0x81fde731740c938d51dc1e104e1ddc41ff32e0d0,0xa70696ae6d4fc7db69fbb6e0ec517b00c315c39fe10f3200398daa5c1c18507e405cb3d7fcea96d33529dc99be1c3e5d
139,163,123253,40474736,1,0,32043421994,32002947258,0xd9d9c4924dad181b5ed93e0e9850c21435e9e0a3,0x846831df398b351d63e7286aba6bba50dfd623b6aced0f78ead5bbd39c6d2d9ed88b299ac42861f855a61b62ffc571ea
140,165,123769,40468991,1,0,32044480978,32004011987,0xbcc4fa11c813eb6654aad7782c07086c6d40ba18,0x873a8c768a7135772ee19146df2256be643bed3843cf83c34a62b791003502ee5733463389ef3869a742fa729eb66d3c
141,166,123058,40458233,1,0,32048326792,32007868559,0x4ce00f3a2086a5c788b49a23999be092b2823de9,0x90e4bd7d3dd79dc45997e7a85e9b7dac37396bb599a6f2b6af64c70596157ea4c0ed7bc477ce66531a38a22b605a510f
142,168,123747,40420783,1,0,32050518592,32010097809,0x70bc881d6bfcb321f6f393106d1c37ed0ad35333,0xae6e878bf6851eb2215e6b5edbf023ff50e203d7fb47b66f322cfe887e189a5dddb1d56a6502a3191be81928d7ce4249
143,169,123748,40420533,1,0,32044565422,32004144889,0x5f509e56de09b03c0f1dfcdd6b63669b46887245,0xa6573dee22e68a4b0881b2f194ab3250c3ea58c36d73614a91ff691639e9faa640c7a38f021bd480980b9bac7469a0ad
144,172,123919,40406648,1,0,32042114531,32001707883,0xf90ba291fca4b527e5e8ac1d908f3f5f58dcab60,0xa18aae8feb836b02d838cc215bb8080ca5e6cf741d2068938d65327cd318e8f43b980a465677435b84fd943f1ed2f0b1
145,173,123087,40374737,1,0,32048067985,32007693248,0x54d00e358085df08e664a009b37c6a13a36b26c2,0xa844e40d68b8dcd5c6c67fe15aab3ed07ac06e390e0c1a26d73687e3c376409a573763c34079d90a666d022a9c1212af
146,174,123563,40367869,1,0,32048719289,32008351420,0x68ab3ef8d21d20e99282f616c5df54102720a023,0xb756a958c1b781b367f7f4d38c44b6f5194f98074d074936ccca6b7a516485f6070bdad0698057c5ddac2579b70f25fd
147,175,123086,40355685,1,0,32047993036,32007637351,0x3ac904cb96e1cef6a10762b5e82fdbb60696b0ec,0x884376c896da9ae004875766e2bdd7e656badd2fcb3c9cccac2fca77b7cfd0a50effacdabbb67c191efe119101fee796
148,176,123527,40355215,1,0,32045702431,32005347216,0xd8f9b6bae3a9140be9ee4aaf099e3b3c6993b2c9,0x89e3346b8de29f79eb6775625d79801aafc041f2a9e8dcc6201971928b24a28345bab5d0dbbedbd6fb7175587949979d
149,177,123321,40355086,1,0,32046611713,32006256627,0x5fb7e9f38011fa3b80c0b3a9fce835c2f749c025,0x87d51441b9ed52b3e3e9540dd45889038516c02b2afba8def65e89274af62bd2f6cab6011f436974680fcaaeec10aa89
150,179,123472,40327923,1,0,32045852790,32005524867,0x3d326bac04b67cd9f12ca40035bd2a770417e572,0x92bb000c94dc3d08249a191aa71d10d0eb52c10e045e5ad53bb8dfb981a3c567367af0c81da251c0c3f4a323f68f4dc2
151,181,123357,40290043,1,0,32046544857,32006254814,0x94d1162e18fea14802debec960f4d573af2d233c,0x97cac9c4b259b12888e5b8f569d9c9e6f65cd133bcbf82157fd4ade8d0a4491a7ce2fb57d6d0440d77f2c76777eb4211
152,182,123401,40279395,1,0,32046444491,32006165096,0xc1ead339e1a6cc81d90b533832d8c66a6cb50a6f,0xb829aaee691df69c7656396caf1634d3c056aa51bfe24e2dd008123a44e5e66247e4b99bdd521a8cea8562401c21d2f3
153,183,123259,40260666,1,0,32044142444,32003881778,0xca4bee1aad704d261abab7c43c391673274da08b,0xaec09d43232201bb02d50cf418bd929d8d666604b6e172a080f583a23a0373acd00814736260d1fe14728c3e7bdf7e47
154,184,123549,40256298,1,0,32045380951,32005124653,0xa05f233eccdcb068bfe7cac35200aac0fae3bff0,0x90926a103341c78295ee9db4010a510ffead51e2f4a58aa361578402a943826d36ef255cea4b9b1a06040fc611d43e10
155,186,123062,40223824,1,0,32051221051,32010997227,0x4977294a902e2263a6d7c58a839f5cb1160ea259,0x8a3ab6d81fab3005de86dffd755bda144177f9772f2469598dd8812380c1da3bb54a5e9c6012480a01ec15bffabcd76c
156,187,123569,40205227,1,0,32045388908,32005183681,0x0a76402405b1a37f1916131ef035e2f5297674b8,0x971dd4442483e7eceefbf9255c41ef9e8d73a52856d8053f7ad4a4a3a3bd0f0053f4895f20c6eca5aba870adfbd27363
157,188,123392,40167556,1,0,32046089433,32005921877,0x10f46e6ec9868a2be3dd2f3bea0d5a88b06d5805,0x8069c65644c8c3ee947dc63270f241c91393f82f39b59db2cb96cba69ebd3f6240dc4c29c61fde9c749e68810f25c692
158,190,123268,40152439,1,0,32043934796,32003782357,0x169467e4b162624d45bcdcbf146cf9f77bec577f,0xb390b04876b4c13dc83d467fea01851dc5270ddc6ae1aac4f66d94ccddb45b5fbcad6aefc38a90c0f6a5699696ef5463
159,191,123524,40093772,1,0,32045442663,32005348891,0x2ba66ef8afb79ca39fe89607fd06b6c093010ab9,0xa3ec95df8bc2a13b1eb700a6d604bfd76af705f5b14b1849f0db5fee97e0e30c815a8fedcd6f4aedb81b8acb75089a86
160,192,123366,40091529,1,0,32038767881,31998676352,0xb911dda495abb49c4e221ba6dd432ed8918dd242,0x8a5cb4844f5a28637824df37a9246863a87d547bfb7cbe790eddf0ef9f93f52e7090c1d5bb95e9228e168c899c983e2a
161,193,123980,40087558,1,36,32040087558,32000000000,0xf3cb8e0cc1ace6b064bdab66fc74835138645348,0xa424b036c5ba732e6e7476e4a712b63ec7a5ac6df88024c8f636610003a580d6d61ef5298c8b0bc7400ef7586d1563c4
162,194,106469,40072701,1,0,64227975020,64187902319,0xd28a4e1cd5d23ee10da8b7b0f9c812694dde50ef,0x91e1149ff3b1054b5bfad5865fd39f2c093da249583964bb205a1d0383d1c833b7ce26b70cbd39425284cf64f9ac98f8
163,195,123576,40046334,1,0,32044974079,32004927745,0xb9b3dab26083321567cbe18a73b257854f10b187,0x877a24a071ff59b58519a2921041227228d4eac6312343f811e05eab2d442c29d54ed509db41b22708ea2ffd5899436c
164,196,105404,40001671,1,0,64257789121,64217787450,0x2404f78e82cb8bea3bc59a34cd5fe6a9b2e400ce,0xae8846688380a40eeb00c28bed93d062599c8f564502f86d492c73153e84eb7a18903ed9dbbaa15cf2f3da2faef12709
165,197,123974,39982338,1,35,32039982338,32000000000,0x07e027883b4f5f126a4d87f037a5ae2ecff73dda,0x8775049ca80912ec1f1a8527fa0a0993a5022b9f22c5f2ec33b854fa38837524aef2c105e11e36d8479bf9c70a7d4d70
166,198,123976,39969901,1,35,32039969901,32000000000,0x91addc72b2f6ec5fb33948a279d39b63b135bc0e,0xa52f2bd24d3ca023f3bb187e2790c6ee803fde51b243dec6fe426f63836d9dcd58da828dde1a1b633ec592a94ec65cef
167,199,123299,39963413,1,0,32038445000,31998481587,0x6c33c7f394496038ecdd84bb66857d91f28f65a5,0xa2d2bab75442fe77ac4dcf0c83151594f83b51627414b9ae445b0e0610915978453b65dd0381f33138549320402f5fb3
168,200,123682,39942980,1,0,32041865588,32001922608,0xaf3e59ef39a4b2fc544b53b9ca227f3f153b0b67,0xa2b25ec33aa0667942ad91b0a902c4feb842dcd015bf3fca1e12efb924f8412897d9b195c5e599573323831cf92483bb
169,202,123694,39889317,1,0,32041896495,32002007178,0x8679462e291d49265cf985ad94674a73fc53c43d,0xa0b1deec6f1310e2066090b6313baaf808c3c707e2f15ef69932516271a56e296682a69f9d0b580b93a684a5d9301cb3
170,203,123856,39868524,1,0,32041871133,32002002609,0x6dc0c5f31598f39b370f1bcbde3ec1a03c2bb420,0x9956b46d9f23bed4e8fbeeb08824aebfe5b0bf363922b2a645335699280a2e4c822b320b4e76f6a1fb94055be786491d
171,204,123272,39855018,1,0,32043561113,32003706095,0x99c5ddc1ff33fe0c361e4f7be99b43032cf21f05,0x8b8b819938b71f86b95b5f8f3a288d61166a83b029915fe27582d24484a5c365110827940ac9635edbd5fa7e53c14554
172,205,123673,39804045,1,0,32041790659,32001986614,0xbc786693d4119d2bab74a03ba09546fa8e3282ea,0xad4a18de2c3ef52e5427e2ff10b5638a1ed9085c0e79733b2fd5cad6f7657040313b2615b84e4a8097b97380a33d0d41
173,206,123784,39756426,1,0,32046805662,32007049236,0xf4254a5f6a82474295ba01f7c0e4b0345c8be8cc,0xaabc6c4e5bfb7c09f5e02e574051b6d7c776ca403d6c2a25b75536208226f4135e2ef7dde3b3b4d6f7171955f7dbc7da
174,207,106473,39703411,1,0,64288828244,64249124833,0x8406207761db4cd6773a5946436537b798b61979,0x8194f56b0e2ec2c91f9896de934e2353749190918b726af3d5ce24e1c5a33ee11fec330f41b83a3248a5dd0565fef90f
175,208,103871,39693515,1,0,64254496368,64214802853,0xf616959cfc26d7d734c28f4437d5b4d25af13b2e,0xa7ce902b5a7fe9a6ce80b9f15bf69116cc6d9fd6d1996214b8aaceebf53828f1c926fd9e9ac246077757ad848b2077b3
176,209,123977,39676408,1,36,32039676408,32000000000,0x3f24876db2d2a8ede45de2cf542ca14bf8ba0c10,0x8fe5941d3c3b704c50d10cb8c4962ba980bb833c8bcaf4468ae37499fbb95bc6b150b8a9c049592223fc154d586d73b3
177,210,123978,39669618,1,36,32039669618,32000000000,0x63acafa54e85d8bac25d4b11ef2777f30ddb2270,0xb5c775344b308443522f51e245d90dd961a1761e1b2eef72c4747017415f4fc7567ab70c44c03cc1cea4ac2c82e72d47
178,211,106481,39618871,1,0,64226126867,64186507996,0xe0a93b4f92c85fce94c15f365459c5fbb15f35aa,0x8e1ecb0f66a3fc404b45b61a47ae023e0f56c1037ed4787d4b5c370b55dad1fa18cc5cfabe8bee470b2cfb44a77d6fa8
179,212,123528,39597475,1,0,32045026066,32005428591,0x2dd3209803823592830199428781cf7c98c3a74c,0x95cbe326571b4b03e3580f0e9b76092bf10f800b6e0f0b58833f35a09f353974756a58b2e188b6b0b0be03f5d42376fc
180,213,123696,39562375,1,0,32041505276,32001942901,0xce197e59f131bd91e137f956465fcdd069ceaa6b,0xb80ac9f21d505470669795d83c4df9bcd6d5f9ef353fe77f8640aa185041362939084989d0225fac94ca00c68612fb63
181,214,123984,39530443,1,37,32039530443,32000000000,0x0820473f7e10cbd726b377629fd8e529a8ea415b,0xaa84da22970e2fd1dfc15a014774b8eb1ae0a46f9c8a377b977070e05049351cd476bee2e2844fc7526f0e4d864f7af9
182,216,105424,39452676,1,0,64245896913,64206444237,0xf2fb9b2c9aff9b554ccebad86a2ce63cb3f24bc4,0x8a6a927d316b32910e710bb364839e0fcd709b17f6368c6b6b5d24284b4a1824b87a64c5d1d95dbc95f10f4147878529
183,219,124056,39339768,1,167,32039339768,32000000000,0x42da898851c82e8ee8243c12a4722fe8630fabb3,0xa52a37fdca65253d312367fa35120a3ea909d44deb2db4acff94d53740501520db6ac6bb0f4032b1d13b840962ef9ffc
184,220,124044,39335007,2,164,32039335007,32000000000,0x573b2c5d03a5d6436cb058f9b4abcf7bc3fee55f,0x96d77e9030d3252d277530ed2fab6236735c3b4f152bef823feaa4ff1f29d561288dac91a3183a176198f0caa714d77e
185,221,106476,39331934,1,0,64233489716,64194157782,0x4c8f048540eb562056c1831aae2241b093b927b7,0xada42f49aa34b33e8631e7b4b3ac93be2a39d10dca708daac4bf03d61ac04edf31bcaa5db99d75279de3c3a3cc0287eb
186,222,123749,39216447,1,0,32043166318,32003949871,0x59b5de4b3f1022d736e3935be1e4bb659dc07bd5,0xb06911f857ce637b78e337f54c462b41a982b9a5c602dbe19e0e45bdb78b90d43caa489ebbf77f6aef30145b179524db
187,224,124066,39078098,3,169,32039078098,32000000000,0x74e9bc3427f4a83dbe872233471d1cb0a3b34701,0xb757f9a7db5f5aa79739596ebafca04ec593286b1df48146e20ed27ded043447a3ee30ebdde7a266b4f96de0eee7796a
188,225,123352,39052951,1,0,32044863482,32005810531,0x293bf99c8a1018e71a82a9d53c689dea3115cb96,0xa7de9449462e1a0c7415c817fdb9e8d4ec223ec27dfb0c14b1c88395fb01f99898260d1f3391d41544cf8c353f795ddf
189,226,124027,38946697,1,48,32038946697,32000000000,0xfd804e940951f1a204b1c41d3cff450bbbef69c6,0x8d5c2dc776636389be224650d54ee64088975e095dca83b89bc27a6f907deb126f162364f17510f3f3799b82174a7d36
190,227,123794,38883410,1,0,32041403026,32002519616,0x0477de2680e46af4278950f303291b0ab4a1e9e8,0x89ba37035f811f54ef1181fef49d2834740b7382e6b84ed089491f4bb7f89ddde19df7c0a398af423007f847aadd9eac
191,228,123838,38756508,1,0,32040996342,32002239834,0x15e96a14ed7da0b9e63e95d8cad04bd1ff03dbe0,0x85dcd33c9a124634c247bda9e1fa9c2423c29ec5fe16842af9b95d7ef773b143e81bd37cd6cb1655e1358e8a50629d7d
192,230,123325,38712777,1,0,32045149374,32006436597,0x8701fd0cc7dde651d8e5a87ae6d2297b73d683b5,0xa2e6ab368a0faa5ac0a29e5fb149f0b78b7375cdb5ba856c19b806c2ce85bf4745fe99ecd1c7722c2df0bde863a9b94c
193,231,123930,38637573,1,0,32040185848,32001548275,0xe8ada2c8d43bcb9020ae605b3d68a645ce5c9632,0x94811c271db8eb43e356c63b10f8defb8e66edcc71370da4cb442aabb40efcfaa8dca246c385d18842a5fcbd14d25d50
194,233,123381,38317698,2,0,32032305752,31993988054,0xbfea9e5b75e40ea9eb5709b99725c9bb9cd7be8b,0x96197989df247c10847c949af57ffd63608292a2ced9e80c59286935934293cb6472d476c017d95dfcaac35225e058d3
195,234,123537,38177507,1,0,32043358001,32005180494,0x5c7666b1a842774318ac43087dfe0ef7eaadc06c,0x85d7814e05cafab935f08e7c6949d03325b07d2538e7230d1a51e505b24b508b8497e9245d3427f0b25ea01290291f06
196,235,123705,37922571,1,0,32033939120,31996016549,0x0a3d6563a62bb7bb32a75542fcc9ff2cb54f253e,0x94ada2dba31d968a48b93f9fb7e197ba4b503dffec157560857977d5a3d07dcbcc4b231ca33250716141d1480eda8437
197,241,123618,37705906,0,0,32042609901,32004903995,0xeaa7711068a3d3fef958f801b8501eb9d83cd2a2,0x98565979efdd4dc4cc02b567e1874aeee7b2589e35bec89d33b9ddd1bef9676f98e2c131125c442616468bcf1fe95077
198,243,123907,37682318,0,0,32039391255,32001708937,0x14838e7d89c74448b76c3041142f1004f333ba6a,0xaea443b3cc7fa2f6776e270263e895bba7cdf92c2120086c132e90c2847cce3b135af25b23301d3aedbcce85b565d84c
199,246,123311,37669884,0,0,32044048979,32006379095,0x2e820d9dc8ed86dd488c81419f389a7aff7b06f2,0x862fda3d6b648ef48520b2637cad73df38cca034e221626ad4e3b877b999cc99ad70f3725f38164c2dad58513dc35d7b
200,247,123382,37662855,0,0,32043853235,32006190380,0x8b667c6dd17df4614a9777298b2f95518673ad4d,0x895ea691857af7849b982b4f03e8f947bf1dbeb8a17facfb65a15730dc96dda485e49da7f0a417bab24de8bdf89ae03c
201,248,123230,37661548,0,0,32044489368,32006827820,0xd5368ae7e579d6f589b6f59ca12e335a6dfb0001,0xa77b213084283760713e5fb831b129385f972dd60e3e2b8395913898955bfc7cb96c3b5daabe58444ae276d613c33b18
202,251,123781,37653046,0,0,32041570913,32003917867,0x51457a6ef13fd7e043a83d297c95aaba04419e49,0x92c6dc4aa95a471f104aed3310eb6b01409c9cb13136efd3c5be222b8e44a0c4e564810670926fcb52c8f886def38466
203,252,123065,37652593,0,0,32045538292,32007885699,0xdab42e4ecb6744fbb854248746c1ca81c4df289e,0xad5a2e3f989de9137107fd3eca591b5cc1384342264956bea9c68558fcc50e11971cf35a6bea70216edd3692d5868950
204,253,123374,37652381,0,0,32043961926,32006309545,0x950e7d48cd02b068cbb5719c7de9c252d4b1c6c9,0xa8cd5e6ea8aaa7a1258fac6c28d0f64142f0c1e9134e7897751b1fce8437dc9a2532e624f2264ad0ea1f10cd008951f9
205,254,123482,37646053,0,0,32043171822,32005525769,0x39d16f71d6d8c9fdc6fafc0352900c5d74351f1a,0x8bf59327b4c93a281b8bc7e74e853632423fba49ba61c883b1cf6406ce009e1212bc0a0da8f749b2e8f60fb48c6bec0b
206,256,123506,37636508,0,0,32043056629,32005420121,0xfd700fb59d188f5b6e1919e590069c8f745025a3,0xaca15b7ff76667592c1a12052adc9ddc631a19fddc09338096f297d60229ac6e4b809ef7e27fab7707255c444cbb671c
207,258,123534,37621372,0,0,32042978743,32005357371,0xae54ffb509b6d014d7f2f0c0e3f6aa47f6ff8dba,0xa51a864684410d81d9f78c3b7d0159d54e87ca14b9b868c96f9483d5477f9f731bed391f039efe2e1203f64fdcdaf5ec
208,259,123545,37615671,0,0,32042930447,32005314776,0x54d40daf4bde9f6333c7f88bf2ddb7cc34ecd265,0x83e1fd413adb37c1a1cba3a266a003ab3d8ac254a77255d25fbdffcb89d6f01b2f79c7692b49bfd92486d41cfabd2c3b
209,260,123926,37607269,0,0,32039228109,32001620840,0x9b8f07ebdc8a6887dbd2f0c02a34e9d7ecf5977e,0x8d490939d70e5476b2996e89fef2dac146d41a0b92599b10ec6125b4ef68789c25b48c562e9bb06a25ed4614638cc4b0
210,261,123079,37607181,0,0,32045427983,32007820802,0x15604e24f02fdd83d4e15366997e03fc37773348,0xad08aa00caa3a354bd8d69f9661557f1113cb858074c3588f68f5aca7108c01afbdb9cd1b1d7762ec12fd38976db1088
211,265,123532,37587883,0,0,32042953389,32005365506,0xe9a04436acc97a03ab2ed6f8a36fd106b4efc0aa,0xae64c7e4a7ff1409f8032ccc41ebfc4051c7033702cea21635c652c89c111eed6238a5c8d60b6ec7a135caa868f66608
212,267,123045,37585638,0,0,32045640200,32008054562,0x724e42e83c36f5e23102fa8ec6352b6b121b8777,0x8a031deea25acde043eb26af7e323d0b72acaf8c01d76f6edbc38999bfe3068e4d7ec5535cd81f561bb1630edf4fb915
213,268,123758,37585330,0,0,32041662754,32004077424,0x9f2129b00a76bdfd5c08f20f099fb7868a01511b,0xaca3083466e33c1ec55773abfe686d6f4d755b85012ba13bd96a0dc6677b1950e2bb087cacab79f963b5662e47a57547
214,269,121431,37585245,0,0,64051787268,64014202023,0xdf94c5c09514e01641fa73d03e3b927ce62bd93d,0xa258049f29c54a7f7e573a2d9595dd69d7c30c9f2e4778a5d79f46aefd0c8fc9da2884ba5d68d163f24f4a0d944f73e0
215,270,123093,37584920,0,0,32045285357,32007700437,0x0f7af64ffcdbe3af1fb9bf55a25655ea0c69ed02,0x88c49b56d60e4b0745962e95fe53f8664b72cae5eaf138b3b2fe51b80ccb1dfa9dc5bcb45a03aad1eeb5387b22ed4c72
216,271,123701,37583899,0,0,32041980754,32004396855,0x20751a65f848c1f308facc537777e6aa2d38bcf7,0xaeb802be27b9ed10d89dad1ea16900f25eb5e556b8228ee43d973491af594cff0e8762611b737da1136fa3a571549db5
217,273,123629,37577741,0,0,32042398727,32004820986,0x33189e4bf66dcbb1318a0956585b229797894ccf,0x8a5059295eb96f7334efa2722178549356ad00f41393cdf5221babd641b9d9d642a9c227facaec16a592df648c638c9b
218,276,123391,37574764,0,0,32037368266,31999793502,0x915d327bc8d9ae9905f7dee4a335141916a5969f,0xaab589d6b8582c0d98901c46a88151278ebdcbb3c73e2f291c7f9ea98fe5d3f89c66b80b3c751fe47cc6762e06bf8efd
219,277,123620,37573528,0,0,32042384265,32004810737,0x06f93c35ab06d154de8564ead781f2902ed66e4c,0x81b5223fe1334e3920f9a5894ec0308e9bc4e7e351278dc142e2799d1a8fe83416a1f1c232404ac83687b63801ff7e20
220,279,123362,37570932,0,0,32043854674,32006283742,0x3fbccb0def24f07bb5c5d3391c9bf775e0578a4f,0xb129956960603248e74e9ee43906032e9d04551f99e710205a6bdcb4d517f2065035daef6d937600262523d61333004c
221,281,123968,37569546,0,0,32038906820,32001337274,0x9b27f8bc1eaa7d8916e85cd5f73431ae32df33e4,0xadb7b8953049968e17723809a8f63e5197811a3035bc4ff1492115c87818ce128949b3f5e44e681d284b10b42a4e9546
222,284,123761,37557416,0,0,32041624877,32004067461,0xf20b596b8276eefea9fcd81556de0508ba7a0e10,0xb27c266b55109e202b7712b0c46a6bdb22b9d46ef2bb1de0db5f319ed6e65b7618dd3e3fa8a63dd559974a32d9dcc304
223,285,123084,37557281,0,0,32045232280,32007674999,0x45fd562136301806ceba92065dd9f9e5e333c542,0xb91635ea9c941df10bb39b4088eb12d682f90cd9dd966d9229b73b5fb6bdcc5abe635e6747c70e3c253cbf238c7dd906
224,286,123516,37556702,0,0,32043005389,32005448687,0xfa95a508c3785fa6ff3440e24c8a6257c56cc7bb,0xa9c539360a4722905b4d0377327b4105ac2471a2dc323a0f68a738e910b9223edfc090793b7009267b5e60c54f88a0ad
225,288,123471,37556201,0,0,32043271800,32005715599,0x481cde8a1a9de191821edd0a60e8ef38a433562c,0xa6d95c46213e641738de5346080a48058ed5556b41a3c912865eee696d134c6c29158b3900cd10bb9730b8852ba35b8b
226,289,123314,37554245,0,0,32043929160,32006374915,0x7f3449e2609fbca83423039a955b5213702a8ce6,0x8a790f7f4b184b22305ce32ff241aee43e90014de6e361f7810d5ca5199e6970f78e7207e3288485306e6c191e93eed7
227,291,123708,37546470,0,0,32041943568,32004397098,0x86ee3249b87edb65aa1ebd808a7e451d6ddff6bd,0x91c510398e2e0f36ed068aa07c2b0fb20c82a0848766401aa660a1370abef70e7c113b152fb0c112896203092bdf83e4
228,292,123679,37544339,0,0,32042050046,32004505707,0xd84d55b9a1875dc5929bf540b0738014c4439391,0x92ba636248059bf7e7ae98cfce80dd7252e625d16187f080c71fec23787bd6762e83b5182d585882a1abab89cde774ae
229,293,123878,37544052,0,0,32039501272,32001957220,0xc9e1e1a5d0096276c53115eadcb3921b216f039f,0x925311346648308415a0b6964b371afef8e8f61dec7dd44fa247cdea596df12b48e1a4b66a5f552f5cbd1038df83e356
230,296,123496,37535023,1,0,32043129322,32005594299,0x58020046d1dfeb7172709be7b24aed84b2c1d788,0xb4c6bbbcd57397ca9a0eacddccfe507ec9967cfcbf491c95ff9e1cd1c80d23a38bb8648a30f402de00051bba848548d4
231,297,123964,37533380,0,0,32038857800,32001324420,0x2c16c52580e36c394738f98e1624b13dee50b7d1,0xb0b4200e7c86f81295cf3287bab2574c3de02424f83b440e50aa8cb77fc877f869c8ff10c43a2ef4edf3480c04211ba3
232,298,123700,37531349,0,0,32041916171,32004384822,0xfa624c702be4e502410b2cabfc7a9a574e130f36,0xb03b392a12e767dda2f351a55769d49ffe6490985502487d582e2bb523680c462fbb97584286aba753ae70ebc6301d7e
233,300,123592,37524536,0,0,32042558159,32005033623,0x91928bf33a064d2199e52c28b0cef5569ad40691,0x85eb059a45ece8ea4b1091eb1fee090e0b7572c1e11ce31e36db0f50c66255097737b0f64e9636d81aa42ee92e26edbf
234,303,123915,37518310,0,0,32039002428,32001484118,0x2d06ad28c0306a316e25bd13d9c9ec2d793d8eda,0xb840e5514d983e6ca5ac2d024c9ee394b28638aa1798ffee408d1c7c6b183896431d49824d7302387782b36fa83bc44f
235,304,123632,37517319,0,0,32042238535,32004721216,0xc74d68f016ac2396ab4c7a3262cab2dc9f19733c,0x81feb0c1c38d75ec519374a6059d3278383b32d40f3052995e23da74939590e5a5c8a54cc9cee3cd00f342c61ea61853
236,305,123666,37517315,0,0,32042117151,32004599836,0x712032ee5b11effc0de4e2a71ec7fd04042d475d,0xa31bf342acf8c0af16a01b4898e4379fc3501668be54f884ec708173c9fe651aed57389ad188046cbd386a74a071fb5d
237,307,123091,37513031,0,0,32045100216,32007587185,0xd529691c50719856b8b1c5f3d6b4af01afa4c958,0xa00f2584da869128180e6e9da034a18a16e3c6ae9053ddd6bc8c405fb40d937d0c0899740ef8ad76281454bc1a9b4082
238,308,123932,37512367,0,0,32039089295,32001576928,0x7d155c66a91f8ee57845ed33641bedbe59ba391d,0xa59ce692c1f33b86b62d2076faa8c023715f2704a57233d5c77f7197dd6bae94a24348801e506523343733275951cda2
239,310,123905,37509063,0,0,32039305234,32001796171,0x4cfde44716fbd4a357f3b3ac4be756aae52920a2,0x96f5da81c9cc4f2fe9f4574453b4659fff82d343779f731009f89d674edbae01e4db0cfc0266d63065a0f4e566b9654a
240,311,123710,37506648,0,0,32051205852,32013699204,0x4a77d218b0034a1ecaedf7a068d2ac01630e5ebe,0xb81d9648f0001366b059c63a1be2c51f748cd29576fbcc8f7e3c6c3685bf304b43a796aa78f61f0b0b9b6122e3fd2974
241,312,123246,37506497,0,0,32044223426,32006716929,0xf3788f8c826c7f5d33673f78ff36455a73720c40,0x8fbe82e739a15469a1c49b05e433d7f3e1f884c3e7112de7e8f92618ae042f3756df06200316dc61aa8cd49d5920e959
242,315,123773,37500612,0,0,32041435101,32003934489,0xbb82258802c536069cd444821f0a0e666695faa8,0xb09113f55122c18cc9f5e19079b6b3d72d1db881aea5b49027e68613f0daf2f6b9655a2e2d90a3b4e731db8ac9619b84
243,316,123105,37500473,0,0,32045120712,32007620239,0x76ecb9a5e88a52c11fb5c6d005de2a4af717fcca,0xa190dc87743d6aa333b673e567f18caa431355529bc161e6926c5656e757e0fa3aadc83835783429635c3ba8eb23de18
244,318,123639,37496573,0,0,32042298452,32004801879,0xf9d29f701e31d0ed331adeae6570d94c5bdae7ac,0x8da96c5a176d433a5a5902e1ff63a240a31b555285d5b862f81a8d1a2dbfde8bcc7400179d86ac94c100b6ce96f93143
245,321,123826,37494710,0,0,32039712152,32002217442,0x6faf6211b29da72cbf5e99987b3ce8c70d116e2b,0xade1fa396e4ce59018b5c2e5c82ecbd86f8a97b94898db89a4fbeb146ce5b274c631dabca065dad94871d98e493bb3c2
246,323,123898,37492914,0,0,32039266940,32001774026,0x7fbed642b42830104533b6851be1b010ff8dbe96,0x8babaeb7d2bdafe7412aaa49a3e042f987e84cdf6e5001179bc817cf51d8652cdb3f75fe0c433d6bc84a7f57796f4048
247,324,123711,37491039,0,0,32041826433,32004335394,0x57665202b06202e575cd77a2428fcf039846f1b6,0x931e44d86cfd67605850e3cec5b1cef9bbefe62cba6b8597fe2492ebf691415d5dc2291d3f959d3a60a2cb1a5a13e901
248,326,123775,37489117,0,0,32041487022,32003997905,0x42daf6c38167707140ddd2546a2bbab127dc2a3a,0x93515eb42ea725084848b8c17660af5db5bd2ae23304aba9b75032869c7968a14ac1d63db69e1f0c4afdebe98ced1e03
249,327,123760,37488833,0,0,32041512474,32004023641,0x3251732a8f790ba90af036984ffc3b63ec8c23b0,0xb8e0d288e63ee6e557b26bb62d8f2de48866bf59c4039214cc250ca0a1e694130a972a0367abc743ca059320fcf8f0bd
250,328,123249,37488237,0,0,32044339471,32006851234,0x9c10ddbfceb7093974c82917e911f507b9759dc4,0x81092b683e53d426723a3474610a188232f057582d54e3bede823459f7f4762d9743f3163b32bf81731b55166255f56d
251,329,123110,37487597,0,0,32045054055,32007566458,0xf41b9da1426f2323497324c56e61b8a7a9cbab8d,0x80fdc5fb16514294ef7fbb0b0378098da8c67230d105be76ace1385260d3d8516194eba44f6d76f60ebe1641b2efb318
252,337,123802,37480539,0,0,32039903793,32002423254,0x9ac6ff47ea5a6a30be211ccbb4b8c488f74de778,0x882749070a2b60fd08b5156268fccf9f0d7c4bc82781e10f02b5ee2e02c4b289a2b626e1310612616ddb182b61058d91
253,339,123752,37479381,0,0,32041606856,32004127475,0x0df7def76fe0b4f7d6e96cc68584c5d01e94d7c1,0xb84312ef768cddd74dd01904fde5ca8ed6bb34a428efc238ad1ab04f85eb530ab993b9d8e18630c5a9ea394db6e1e510
254,341,123663,37474217,0,0,32042007690,32004533473,0x763ed99d798fa0b7de7e789ae5b4544618ac19bf,0xa7621f3671dfc947a431b80f913ee83b87f93069e570b05564e3932415bb1b424303b531476cff7f52dec4757654dccb
255,342,123227,37474154,0,0,32044340769,32006866615,0xb9c3f7db93c0569cfbe7656092ac76d0bdbb9e80,0x9802951c9304825faa18643c150c46c177a051121211a8ef94b8a4e14c1c1f63f08a8b2af4d21cf4cd1746e36f2ac917
256,344,123715,37473328,0,0,32041826696,32004353368,0x50799e0098c38d34c9cb1f20e07670a7f1d64a95,0x935f364c9cf2e9803f65461a231f714e9882daba55d615cc98c1b5fcfc560ef3a458d890b6132ea0e93e248d05f2ca85
257,346,123360,37471600,0,0,32043742983,32006271383,0x81f89804ee000ffc03b229deecfe9c443cd4b92c,0xb2049f755700515802a73cf7dfeefed9a71189bd636cb9c92cf14e121a63e296c96176d5c177b72d282a7b625dc2b483
258,351,123902,37461825,0,0,32039140730,32001678905,0xa18da38687a87d8c091fa804aec086908a7e8dc5,0xb53534ca125979eb10705e4bb586e7576e9e900ed0d1f04bfbd48430cb1fdf6d38ea7e72b730baf0d53082c7aae4be59
259,352,123571,37459288,0,0,32042632361,32005173073,0x065baf0a6a153c70ea3557301d624b68352b6846,0xb80e02df1023aec03d0cdf64b2de6c79f840df90cf67bf8cef9317c0e9f4b0cfab22ba2a4920de28116f1b4f5e8f20f6
260,358,123609,37451045,0,0,32042402188,32004951143,0x1bae7de220f1b11a21bb681dcb320629887611f7,0xb7eb6ae25ab890366f239c1a66d0468ad16ca2cbe38ad3c29b1e9623a1298f83378971258871037d93ebb312fd009e88
261,359,124092,37448636,1,227,32037448636,32000000000,0x9d1658d8ca6ad26b15b1daa90bd026481baa3e3b,0xa328bcd91811ed6af10b0e5cbbec4a400dfac487b2d31acf024e981ed58d43c5ec80b69abb3a3e99c79d18ca39629717
262,361,123373,37447617,0,0,32043628886,32006181269,0x0ca0a8359862a7dd2ae5b3d7f766b2cee2053525,0x857aaa4a950f23ad75ee7f3347ab72344d27b6242ebf5116b7dae5931a72ba5c02c2f80ccf5638e548d8e0d4f49c0e04
263,362,123232,37447399,0,0,32044269941,32006822542,0x7732267110d7c852ccf1756e33228c9185f122cd,0xa02b9fc319db8093764a30a7bf94b4857682271f22f867e9d6827d4103c7d71646f9ec4961eee61e49b45e8b32d5277f
264,365,123908,37438146,0,0,32039189666,32001751520,0x7f6655b7ef3f6c2330f7ba5665ffada59422884b,0x85c720ec40abb7e861abddf343589ef97b6a366e9996437f7d3e13248b1f3838bd971b9757bc1fa7089a4a82a63164c9
265,369,123099,37436066,0,0,32045027669,32007591603,0xdb0e833bbba3afc441428520478f1182e66cd781,0x8da87db518fed3cfb24034c252bbe3ee7891691974d10f997f50be335ff0d7c16b7218ffb267a80618610cd1e3eb4ac4
266,370,123106,37433544,0,0,32045031909,32007598365,0x6512ff8ef532c91be4ff45275bba3b5e81d0e266,0xa3d37a8e7863d2d43b46b07118e906454697b6b216d63a44f49975690bb215086169831a67401a80e483a2847e0b9d4a
267,371,123709,37432945,0,0,32033474097,31996041152,0xde888f321be9a2ca96e1565e8f3d12f221992b1a,0xafd0353097dbdfed942f340b09463376bfcdf18551d67ea39c0dc98be5338c312504f4d931f6406373799ccaaca14967
268,372,123959,37432921,0,0,32038842943,32001410022,0x414cf53f1ad16c855c624a562dd98a65edc5ebe3,0xb549927dccfa239bd5e2a6144af3a2858c41db7650047f93071ef2ff48e85936e18db4afb823a21c6abecbd308ef2f18
269,374,123048,37432523,0,0,32041434983,32004002460,0x0c02d5c64f40fcfe10bf65ee900598b6bf9f8ded,0x970776bea1607010d6d0859f414afab32becf1fce8957ce26f1b2b6ab8e3bbbda59f54133e22f40396e68a15071bcb9b
270,375,123104,37430232,0,0,32045038592,32007608360,0x34543ee4c5815c9b588e88adc09331b8bd075407,0xa26311e1d40e2f0365bdf033396a80cba858abd2ad0f5a4ae5b1f5568516a4ca095dc6c1644c7548a4b77fbd1074057b
271,378,123103,37426467,0,0,32045107389,32007680922,0xae8f726801ee4a38de2a2626a53fe258f07996ed,0xb5b69cd195358ff8fac73735476c6a66163d0e0391cabff8d5b3cd59d4e86f212825d240d4c159694e66904653ca1d94
272,381,123470,37421379,0,0,32043064230,32005642851,0x5fdd9e2368e92d7eeb7f4ef67df592d75252abd5,0xac6d251c5e100dd7089115e4c5fd11d4eeeb6e7142bdf6c34405adea71ea54e22213441697806a26581f74cc38d7a398
273,388,123815,37414860,0,0,32039797685,32002382825,0x8f756a83846c54ad75d445dbfe72fd76d27816db,0x917fe864fac31d26790175bba424f07adb96af1a6ac78864e5ad4c43dbbc0779995a7d4c0e9dabbd6f151036dcb11d05
274,390,123772,37410299,0,0,32038549075,32001138776,0x343788aa9046e0dc7485f4239b704e47304b89f1,0xb230e6d226a2287350b811357067090d8215d468368e5726c38623e2cb5d07ea642b65f7a8a52832bc2f3a3f7693b120
275,391,123540,37408873,0,0,32036077398,31998668525,0x188a724947e569243deae63074324b3fa48c6e44,0xb4d8486c37df7643d114694e28fc82f558ecfe872a47c5bc1b0f7f3ed536820be453eff82c6d9f9bd5eaaa3a4afcfed4
276,392,123483,37408543,0,0,32042978785,32005570242,0xa95efed9f2e010d956b86870c450c69eac554c18,0x95bbf4e662ad7d1b6b6422edb4cc1f1eabd7a49dc7061134aa246474a33ff63f53c10718773b03038a4aed48c41c9bd5
277,394,123922,37399566,0,0,32039086241,32001686675,0xe1eadee0972f1379a32c3635b27bd44ed15ab9a6,0x8c753ab4cce5717d8e9507ce45b6b2ffc17f1f88a69a12c58e1cefb0a932ea79329f7619d250db602035bc3430b9e578
278,397,123637,37396439,0,0,32042131397,32004734958,0x5560be15a269c748c4f2362f1889a5d7eba217e5,0xb5e3068806011d642a7680f60956bceaa97797f1d48a17c45d14164eef7377ec45e7d1730f33a50f0b70abe242fd4c44
279,401,123858,37390249,0,0,32039485890,32002095641,0x4ade5515303d36758b41540334410301f9e4b4b6,0x8423f9f392063308d831acbb7ec7266093b8f1bca4968ed1de2dd4641b770a18d0479a6560c49899f8e349ddb30dee27
280,402,123069,37390211,0,0,32048329457,32010939246,0x57e7ed3da18d30aeef02f35367dcedfa88b567a4,0x8d04e490a7959759987b7e915150c873483799e43aa6ae7e137bcd27bd630e2cec9761c56eef555911f97c144c7a3bd9
281,405,123385,37385941,0,0,32043522793,32006136852,0xb237adb898de896b263c334bbee8eee7df414598,0xb146ba73e29661e15bb4c3545029a77cc236dbc9e4837b9dff731d340a27da5bb9ade6d79845aade73d7cf4b0724a5a5
282,406,123562,37385368,0,0,32042562129,32005176761,0xbe7bf77f2cf6d586e5f18af1e55f5049981d5245,0xa4a55ba3a9106fd6a317aa0f886523606f46f1808d1be346b68a20878844b681cf3f21808aed5aae762f8040eec05ddd
283,407,123102,37384888,0,0,32044962483,32007577595,0x0617bd4b2c0ce23b64fbeeb676d75d04b3ada87e,0x80984c44576c7b847efd7b1b0dd1edbc4fa8e7faa5839fa94db3b8f0ad5b862ee5e8ec146732267c576caa130cb6662e
284,408,123544,37383812,0,0,32042584178,32005200366,0xbc6cba69cc8227a3a9335286561eeccf116ca9c3,0xb7cb6d8fa093efde11254b8685be49fc0ab606a75aedcb04bc37113c57cffa9b2f8d923aba20c64a4843b2ee82651406
285,412,123865,37378508,0,0,32039400957,32002022449,0xcbeb63cb5a57d4c2914ffb23f76ce9c96f103167,0xb340de47d1493bc9073dff52f3c57a7be3d433bbb4ef17310a9cef993af0d0aadede16663cc76aa9e12ce3ebe076e3a7
286,413,123559,37376011,0,0,32042451955,32005075944,0x754e40ba838ca7925f78b0fb46a399eaf1c6b982,0x92103f9e2798249387ebfc03ad234a9ac7cf4aef257a5fe08a483c7e35fc49132b6b2a3762130659e4381be55ea790ab
287,415,123621,37375111,0,0,32042216266,32004841155,0x279c892564903948316bf6a407e6f2185006378f,0x81fd49e75b98f760fede87d7434efb3c7f935834f2ef556150eff04e4a2952692019ab0ee9ac57ca4024a0a516cbbb75
288,419,123487,37370846,0,0,32042983487,32005612641,0x6dc8ac691e3bac07bd9518e65baa110a8d405969,0xabc5b2271409f8dfb182ac56e58def9f2c59f9c2fafcb509484cc292c80c14f4a0596e8fbde13b8fbc084672c6c64016
289,420,123096,37367531,0,0,32044880820,32007513289,0x0b36ea414dd859d0edb24bea04b3d5b17ba19338,0xa8f854c376267465cada054239d935e5b58143cc89a721de30aec1fd5e5342856887404e3e5e9c50830842b2475823dd
290,421,123452,37366708,0,0,32043143069,32005776361,0x949af0972f20fd2d1c0e1f6fa85ede350c46b851,0xa7498d96bc305801651b09eee817dba0fab8849d4b664ad77192f71098162e6ff024f8938889bdee0ab3f2cc9aa14217
291,427,123953,37360428,0,0,32038794380,32001433952,0x809c740b7b7513f2d51b9f4091ce4e7c93be14b0,0x928a72144181e84abd97c54fa50e05faa579a08309d75f617efdc4c44a7b6cba4e5b4fd1006a1553ddbc1fde69bd4cc8
292,428,123739,37359161,0,0,32041516918,32004157757,0x27b6d3744046e3e60ac65a8737dccb00848a034d,0xa70a1a55e342c3c3139d57a8878823de9a1c0abfe00e0ecd3ea5e3aca7cb0a85fb218a98ecc521d70bacc378374a5d48
293,439,123479,37352241,0,0,32043041619,32005689378,0xeaeda14da10fcf627145384d6508c9e75e2c7faa,0xac238dfb45967c0aa18b25c783777dacba68495f6d8a7edf21a794eb8d6991ed449899547013f6355e2fd1de5696eb26
294,442,123347,37350436,0,0,32043602709,32006252273,0xf2ef5efa034d952cab7ea7d70bf991a0254e4c85,0x879b14635d8a3583de434e5131ec770b76a465a7e60d84861741826f2d986150a53cc9ee8de660323b554e44e151a7e2
295,443,123656,37350181,0,0,32042052803,32004702622,0x63d9b20befedb5c61ad5a158e68c0626ad67826e,0xa0d8facc162aaeea5bac41c16de8b8ab44f03acbad1691f34dd6583435946f06269f441204f7cd2dd84883da83289492
296,444,123101,37348725,0,0,32044750333,32007401608,0x604514d620b9061d19ca6f35ff7cdf8c9fd58a4e,0xb5821ec6bdeddd363d65a332a0d62a6c8e7252e1c1e0858dba03e29831fb8c88d499d926b316c2e51f07a099037e1710
297,445,123857,37346987,0,0,32039380356,32002033369,0xabca4c1526fe7953d02fca403941773576de0919,0xac9888ff71b000448e73091769f1b6dc36a07c3055b006c4c6cd4a2650b0f308038f870f3b22e3e3f5a325cd2fa35487
298,449,123936,37339016,0,0,32038849500,32001510484,0x1cd7aecdbd04ec70252e5f15c7b9017206c017ce,0xa45cfb452289a19daec6109ad6502d7c8edb024e2b58ea3cfde87a9259298eaf02c982998b85cff601e034de9140cc90
299,451,123525,37336576,0,0,32042732243,32005395667,0x1e05967e01d30044c6d4102a711ba6a039990967,0xb29b9d9f387692edb2629ebde53d182d7fd53eeedccc95cc2fac0acba3380c6e6d159fd42f7818e06b587b09ba82902a
300,456,123721,37330756,0,0,32041676680,32004345924,0x42a62f9953cd47da89e9b8ff3249bdfd569e4ab3,0x94e69d66aee0dbf8b6c8ce13e4e143c77bd66e5aa215fff79da02ac3f227b1a1a3fb7aacd1199b3ce9c4175bc0d4b12a
301,459,123912,37325960,0,0,32039048696,32001722736,0xaf51e73253ff2faa8ba8c90615831014ac3a7717,0xa4cd64fb05229df4d999cd9aec0f5340b3fd3cf2f5d1909868f1f435188c034cbec82eef49e7e3f564bd26c529f7e52d
302,463,123591,37321536,0,0,32042454181,32005132645,0x9cce8fb782d67368c202214926310e3e0d093145,0xb712e22fcc44898df0dbc55dea141f239d889c9a1d4d32386e44f1ed3ca3842be37c7309a34a332abe2385872133bfa6
303,464,123599,37316926,0,0,32042354222,32005037296,0x27a820b66356350bdf20dbde380c53b3bfda28ee,0xab90c5e35ea304665b0994062f19e5378b253dae44ce438a71ea00792c4db9d8f9fcafdb1096b51d59c8399d318c52b0
304,468,123593,37312777,0,0,32045287405,32007974628,0x067b9c0e0afe665fb7b74af8db737b44a212177d,0x85514ddaa986fa619a17694872005f211a95fc8d3d9eb480e4aa336336bde8506d9295c752c84e36890afe11dc78fec5
305,470,123108,37311619,0,0,32044866771,32007555152,0x8779c4c60c0b4201351c073eebd490cd2238e582,0xa3c8a71bafd1d061dfe1d8181ce196a961c61a99206c657c7d10ce09db5499e2bc696a639f87b8bbb890a899f03871eb
306,475,123961,37306820,1,0,32036053291,31998746471,0x48dee9e4e921516ab8c4437d676055d009dc60cd,0xa2bc1c75f6d3bd774b9e7f6b0286a8ae69ce69c5cf66e2c5c2d74448869244a0c61d6190024afbc4398a0632773d5628
307,478,123349,37304421,0,0,32043688382,32006383961,0x5f19dc21545284060be7aac6f332caa2a54722d7,0xb5109d1b55b66430f4656cd09c778e7ada2a80448202b854d231a3b28ee66b987c4889b870533173808f735874bd2a7c
308,480,123728,37302249,0,0,32044760514,32007458265,0xab82da12a7ea7568b8a23c742e988606d256d91d,0x8fafe995c32d572ce5d33522578dce6e74e34ae2b5b6050cd9e00d93951c7aa29e9b0782903b06d45edf00bd0489b18f
309,482,123107,37299934,0,0,32044795989,32007496055,0x2b5b1738e7fa2a0cb655591d4e8db58f59ba1e96,0xa7f42c4d03a56edee9989e55a5ce7c0ef2e2669c6dcd0a2779171751f39d9ee4bd13ab4998730c8b8e02072b7c9d273a
310,484,123741,37293619,0,0,32041513709,32004220090,0x7619a3420ee4a7dc23f637b2e403669682d6a9b3,0x826881709a41188f56f095d6383b1144073b918964c026cf3f8ccb57a7fe18e48a01ef8233920e0641f1cd145989bf43
311,486,123804,37291650,0,0,32039745581,32002453931,0xb1ebe5d3382e3b7344a34a99915c326dda215bc4,0x8d602daf8c0d577c52bb0389a3fb97811b2ae03e7f339ba29ab64c9a440cd362eef1a28a43a3c2ca1b3111ba4bf8b13e
312,490,123754,37285213,0,0,32041316773,32004031560,0xb9313f94607be76503b4fe36f261840c6aead9d0,0xa03037e23280f8cf96e2b28c2a2b26c16c704c924783f66abf17c64c189765708b2c9d61935be142e72449310de52ad3
313,491,123547,37284584,0,0,32042468569,32005183985,0xff6657fb62d096e48df19d3fac645b3f250b73ba,0x920b575c34fdd0ebe30363b80100f5c24740197cd51d90fdd8060ffb1e89823b8beb9c286f3971da8292baf64468d299
314,492,123219,37283101,0,0,32044213364,32006930263,0x3049cca578cce897b37c12ba26f149654c27cc31,0xb282be4fee995bcb3dcf27d2fc244e16ed3937637cf2cdbb71cebbbf2f57a1051d3d18146508d65ef6fd3ac2ca546343
315,495,123497,37278087,0,0,32042790915,32005512828,0x43bb70fc8356b16ddd7dd1b831f69d16cc066a3a,0x8b02851240f47ad183b77029d5f28baea4ae29f5458e1c1d0c4207ae36e1d24e4a17814c64edec69c9d7e290c65558f0
316,502,123223,37259025,0,0,32044098961,32006839936,0x77e88c6b9c638c087944752927ec5a5b5dc564da,0xac752833736a3c5d24049ac2f3a333b54eedfb43f3f95a2092b614cdd8dcef4b1bd3d05e5468fc2205a553ccac3621a7
317,503,123744,37257887,0,0,32041414083,32004156196,0x383016480adbe9fba2391ca8da0646f8cde09136,0xae76c70992cd3ff27d1bd65a8dbd2d58628a560785f90d2ace30a9b71ac1e4f17e540bb263f2bd296ef78a2202204e57
318,504,123098,37255944,0,0,32044911217,32007655273,0xa1005c2f57b6a22b56b1b76bff4f67d7468ba035,0x88c7d4ad279cc03ceb0ea782a0830b69ef9be7e7bd5198637ed9ffe2b649128996eb5437c753f41f1eb292df7f0a284d
319,507,123941,37251544,0,0,32038773791,32001522247,0xa83dc8db3637f79fbe6eebfaf8e7017fe46e40d4,0x81a043f0ebeee4ffeebf5aef70902512fa9b1651c3027fd28ba5862ddf877eb04dfeabe33c2dfc153ac02ac498b5e183
320,508,123622,37251324,0,0,32042138266,32004886942,0x4a9216afa5f8f63b7efc83499227bef7eb7e0ee2,0xa093020921a018b44b261420a8cb79befb72619111461ac65dc0e2d22d342b3721e58e7c5f4f0003ce8e0c4466d96f53
321,513,123444,37233038,0,0,32043031312,32005798274,0x6e158a6f6caee5fff98f8fd3d2d816a216ee739d,0xb0da01c6ea7c3c9006170328396b0a63e0a1d3d194adc365fa80f0222e844c585cf31aa7ad4011561e9b0ec4d2551391
322,514,123861,37228002,0,0,32039292565,32002064563,0x866de382f837e7f3b4a42440ce1a396a88407c46,0x9301dc5ac77696874d1005fed2c5d640fb6d80988fbb13cb1f00b5b5f116fc7ace2c7dbfdfc327a484f7d065474418f3
323,524,123546,37189791,0,0,32042436820,32005247029,0xcfdfd2e48f7aca0d3687256beb44fcbc2d87068e,0xb73a1c727fefe856f6a12ff7fdfc116b31eb40c01f5f9759ab01c9d1a71f7ee3f7bd1bf6686d430728d63e930f46c7f1
324,526,123095,37185067,0,0,32044782755,32007597688,0x706aa9b3bd8773068e346ea2d04ea0c59a84c45a,0xa1634881f67c835ec471d7449011119348eeccc5c015ad9b0d2d71f471ebae3be220e362e2182be2a53c44ed3f998dc1
325,532,123109,37166187,0,0,32044633561,32007467374,0xc7dfb2ff8073be2008c734bc542556c5d7515d0e,0xa8114ea24675291009ad8ab641a254d5fb219607cd4ad593312d28a87b91aabdc3191df50a859c062a8f5e315e4d378f
326,534,123100,37153417,0,0,32044697696,32007544279,0x9217091ba1927e061102565b6a957b0317265059,0x8c5eacd43e1f6f1c61df20c4969e781a1aa4ce1eb7f1d4ad0ad341ef4424d140e325a74501fe2c21cb0f663e45476356
327,536,123092,37148525,0,0,32044905509,32007756984,0xb8edd43a8d83ddc66d376323ad92891f67d60c93,0xa113097f14a3c8662bbd45fd02d0f3b2e363ae99e169fb64186fb93cd5ab08e72ccd0639cfe26b74d812a2e6ae215bb7
328,537,123966,37145084,0,0,32038456075,32001310991,0xb72a1cc64dac54a6d65f38313df64bc19c2c44cb,0x97d3bc1b2ec6911f765df6aee22fc43947b168ca8c992ead4647f049bfc53aeda97bbf973c63e7c081dd8bf6d651b721
329,543,123601,37120624,0,0,32033844568,31996723944,0x77a8e21f1c922205d08013203b1990c071c5c7a1,0xa9facd8102a1ce0acdb340f44569522a8df94d590b937951f9d1693dbd7672eb25b716db64b71df983049a29f7a330a4
330,547,123434,37116817,0,0,32043067216,32005950399,0x521deb0d352d70868a6c3952b3bd478f11eeffcb,0xb9cbc6fc4a2c1e81ab3bc37ca2cedcb31951d21c2dd668c754a425161765fb34b64cc9467dde099df7cae3a80f5911cc
331,549,124104,37111522,1,230,32037111522,32000000000,0x6e731a5a6effc4013e88d197ccf600a73c068ae6,0xb68aaa2ec8b5292ddfe94c43904385b8ea7678d4a2d79585289f49bab61d8e3d72b9b373ce45dde99f075af55d8d72dc
332,551,123306,37086249,0,0,32043449393,32006363144,0xfac24fb0536ae6e7eab0d167004fe6abde04167b,0xaa8f9b3d109e6549804e10b77244c52a6e858d15de364b0f1adfb3d8946d7168351cc89284ceaca984961162d31b731c
333,553,123848,37074937,0,0,32039253328,32002178391,0xafc94d0ecc975180dffef2b41c258e12e152b7cd,0xa808b4b677a73c45eb35c267b8ce11c3c21d35f8ef97f343ff16842c1f09d5c294882a588021fc0b0c1e88512c71b75e
334,554,124095,37074436,2,228,32037074436,32000000000,0x7bd0ec5f106c4bacaa87038a2ed8805497585f7e,0x98eafabce3534083243ecc9a03b035a5b9e1e63cd9213b421a0996d82a451d04144a5660596f3e90bc57a0e23fd71370
335,556,123051,37039693,0,0,32044836004,32007796311,0x2b343a798cff954f45097c52884658ebe1e23d38,0xb739dbd61689423d8621f7cbe69feb60c3dec4c2da568e3ab7148c7e4a402d3c0b2aefc80e1ea7472e104b60ec3fda42
336,557,123410,37022237,1,0,32042786269,32005764032,0xcb64923781ee85e71b85ae5953f30abcc22b87cc,0x99c1aecccf90f2dea8a7a45519059acee59db0f00e003e2ef069daaedf69f28d51f8053283d2a1347cc080d63fac5933
337,559,123734,36986781,0,0,32036955798,31999969017,0xc0554095ac6c9a76751442f09b780f3096c31cc6,0xa2bee3e2a5874f32d326946feac19d5325492681bb99d2f9ef179fa7646ba0127bcac2fb644c22aa00a2bc74ca6dd0d7
338,560,123676,36977982,0,0,32038968464,32001990482,0x016d73eef3ca97ebca8959372efa4e0d568c725a,0x89cadb9b610a6c53b08b86340c48b9eeef2174deabfaf756a57520079920e93a29d936c9db513332c64033812a387cd2
339,564,105434,36937331,0,0,64307132954,64270195623,0xc640a1159fca4d23f56b746c3ba1532e6f0276b8,0x83de0232c0d4b2f84eac7abc471978027ea6024f9cdb731521edcb37a98d0bb4b00412b0c52c762f6f4d1b60fd883121
340,565,123647,36922425,0,0,32042442066,32005519641,0x6c5cc0d2876bdec116875fa1fa7f599bfc266d97,0xa69e9202440525876eb28df684762252b98c0ef4fd1364c74b3003504b5be8ac839678d09bd5807bd1db9021eeead9cf
341,566,123402,36915640,0,0,32042902482,32005986842,0xef44fa4472382901d2b83516a8deeb2890eb882b,0x958ec4e33b3f700d1b7b2547fc54c7d8baff7d7c325296780d7a212425e39cc13150d76f1638492ce2d42c9186782ac7
342,570,123690,36903876,0,0,32038846209,32001942333,0xd839f190dad231f8b365033eb4a1cf59feacfd2f,0xa2690bb01ac3d0f5220fda89fd1ba4e78d504067ed3c4961dd2511973f6a2170e68cb0016e115e5d1f6262ad66b6e539
343,572,123264,36868050,0,0,32040608296,32003740246,0xbc08a3c115a00aacab33b13355a16c09e5e1c226,0x85d2ed18bd67a2b48945ddf35dc04409cc40c449da6c0f2a55ba68890e96fbc1714a6c11058bc0f13ddc034ced5ecb91
344,574,123651,36814067,0,0,32038917467,32002103400,0x77b2c7e5ae22dec21f03869737ebf3d6dd350ba9,0x8f916f0d2d33ecc6a3fc2fea0fb532b91cbcd2e6c45d8ca0776f2074c2d62c7789cc7c205737a15507382516d7d407de
345,576,105612,36800140,0,0,64218495986,64181695846,0x2aaeac592750cd4b39e118f0f1dccf3389c4a0e8,0x81b219eb0b5007d9291b109f7aef8d76f70c9247a6afaf844ef2be7086dedf5430b81303d012e030cd7159b74fe5c941
346,577,123260,36799218,0,0,32040597604,32003798386,0x068005725f72cbffe937bd652cb037d70f83a148,0x881738f15b4911dd67223e1df01746e1fb447e6c9c86096d31eac6f3fcccb2d9ec3a2f064e0d11535b2a642b7682459c
347,578,123649,36763012,0,0,32038931375,32002168363,0xf0f150ef0068659702f38ef5939c070b7c8dc072,0xb10c6c8e853b024c77a041c957907602b04e230a6ea5ed0f43f1ec52a55da397491b4d0767804ef2b37ae3978e3a4372
348,581,123245,36758842,0,0,32043426319,32006667477,0xa801dbdebb90257c76215a6017d164771e42ba0b,0x8efc36c9ecda4dbd56d2415f8b6b46429511a636dd1b3c8e9bd4afd03a1de111fc3971b547ca709705255779e9b77b5c
349,582,123683,36756560,0,0,32038708987,32001952427,0xc23f6eb8d5b23734b2b35277c71c9b50ae8a7400,0xb354fa32685e25993c60a6be3f7d6bb7f888902e5b5fa29c0d66bd23a81f6a496a46edda8d61d2d90221dcb3a964c483
350,583,123684,36752231,0,0,32041913322,32005161091,0x0a10d8f085a01ec83a792ce0d357d6377f8605ea,0x8003ccbe7bac186853b6ba88b52a70f407f1c3f6dd7477f5b4c63ab9fa1fa9302679e009cb506443c4b98429c2d7259c
351,585,123652,36740716,0,0,32038838804,32002098088,0x5eb4fe51b146b03bf7b0593a184e558d9a418719,0xa576cb1343a9a3c67978300e5a78133aea1c1c0b0f936b98faba4b7eccdcd1cf41e31fae9b6035df3d9ba196607da145
352,586,110676,36739954,0,0,64530464911,32493724957,0x3c8f76a90081967686c7627bbba68b0d4dafaab3,0x8397a31277b483408dc67a7f82783ef5ae9daa56c30421a36f973c60e921a510355ca4743609254844413f5bb3c0a7d7
353,587,123282,36720162,0,0,32040385741,32003665579,0x29a83157a4bb42a507e7946e6df94db98824072d,0x80cd0db17f9edd31c1b1c797e71256a09720307228566649d935360cc537480ceb453a2d13d0572cf6d7bbf3c368fa9f
354,588,123286,36719054,0,0,32040466061,32003747007,0xe7e8b3031172419257272fda5047027a52dd7bbf,0x85681376a4892fffcdf5b574b89095882a818d381dd6756a559b2c1f8239bc53d0b895714d62d2d01b94ddb57cf6563f
355,589,123263,36716575,0,0,32040430033,32003713458,0x93daf345a574ceaffbb32f2815b185379fa23270,0xa005ed02ebcb09321a5fd5c5069e0679d0b4c40bdebc9382bda1178aaae02fd8a64ba909bbc290a9305aa9341ce0f45f
356,590,123692,36711966,0,0,32038708553,32001996587,0x82bc34cba96782329692a82bc3ad36029c5fe9a9,0x874647bf6efe37330ddadf398d42efe89480c1f81b68fbedf9cd84d173c2a770de86aa94528dd0e135b859b6bf09cdc1
357,592,123334,36693520,0,0,32043068522,32006375002,0xb38db4853325b92b3f21e553f327169a91fd64e0,0xacf1571732c0bc99777d3fb247f6f77397faf4bc94cdef84b5acc7b6660a9e952c8b6d9e59404f743724c9e1566adf7a
358,593,106461,36677714,0,0,64231337961,64194660247,0xb45565c05ff0c123c738aa6f6fe6db5cba787334,0xa25a6c09a0f46382af6017365fffd32cf37a1cb1b88c137962b049e5162cb0e11d203728e4ab03dbc18176ccd267e0c1
359,595,123271,36656380,0,0,32040432554,32003776174,0x79f7d4d70ac346760713238878321ea32488f141,0x83c6bafba0abed03c8d41e7d458b1032da234be4dc56f3948e0de6f5cd94c5ec78f3f42300b9f4bb45b468f021f3d74f
360,596,123442,36654290,0,0,32042397336,32005743046,0xed9422da0c15782360803b8868b0777ececab111,0x989bb2b1f63979ea16c04ed2bb36807f00ce3c4f51a8edba4eabb31a8a540f1b1ed724e558f46b40c82a492a346d63be
361,597,123273,36626726,0,0,32040317328,32003690602,0x91c151a1f30831d9622547580112621ee63d035b,0xb8b3cf569029c4e65a7de62946e9938aa463543e18f5572b984df29c943abc9fd992bf672dcc43f6eca3972f71711ecf
362,598,106483,36625059,0,0,64208261257,64171636198,0xc9edc1d5e8e2ddfc7f453c65226ad971545b8d49,0x81bede4f8b88249270fc09e8c136be10e16f46182c0652733a9dd391f2b2d88ee53cfef8ee44b43891bf225b65320fdd
363,599,123972,36617833,0,34,32036617833,32000000000,0xd75dffc63e5f21a384d465b63cd213e54891d587,0xacbfa9f87e1912de91c7fdbeaeda0a87871f860d034d0655e26dbb0f77400568e313a06a0ec5248599da989510b6a4b1
364,600,123670,36610357,0,0,32038540023,32001929666,0x83dc3e3e7c9ea42907bbdedfe07bf0c4885b631b,0xb334724aa69c1b884f5706c6c4489bde6dc9d9906864aaeb93f609956cfdb343b5f78e277290b5d810eaad32c22446a7
365,601,123316,36610015,0,0,32042989756,32006379741,0x24bde324b104db032f42905562896ee51de366d4,0x89bc288480d73ae8017e336eff7f7c211ecbfbcf4dcd2370981a121e3bac594620cf9628b8ad6b535f344f59c8cde813
366,603,123492,36585128,0,0,32036202916,31999617788,0x03119203679795299e202508e569d1110a2b74fd,0x94c7e44598b7f059cf9d9105f5decc90ad6b1cf5944df3114a5a5bc19bea843949e2cab0da27f50e49a779028b4bf192
367,604,123695,36584789,0,0,32038634782,32002049993,0xdfe34069619fb73ddf7b1541357a94abd0c8ede9,0xaec36189f444c1df630c0c821a7582c9619a421da1d771a0886e655aa77b75ceee526f77350a4c8e14e1224ab1f9d7f7
368,605,123688,36577274,0,0,32038565430,32001988156,0x5f567c0f7bb354aeb55401e7717038f8b17fb9ad,0xb18e046f1bd3364295b033794402f844a11c933c5c9b0ccdbf925b921e975a85c1972eaf0f1170dcff55b86b5da2ddfd
369,609,123274,36558489,0,0,32040277880,32003719391,0xf6191248496c602f34bdebc163a728bec03ff8b6,0x93398f479d7d051c5d478b3ffab5ac0e9ca9bdd03186adaa02a2ecc4f9832b618c95970dad6831b820cece3ffe8c6fd2
370,613,105596,36546516,0,0,64242856087,64206309571,0xcbf2c50f7e75a5d6061e48d9b8d7b501ff7e9d2c,0x8a2f60a170e9903b21cbb5c260fa8461bf2468d0202820bc83e053fd8659a0b69adeb740ba48aa00fa2e4ced4b2dc5b8
371,615,123284,36537887,0,0,32040179732,32003641845,0x3ed33cce88d9a6b4ce4cfe3fc84e2f1e41562642,0x80d562bd5681ead11a81b2ffbfb21f52c717be8f24e41d1ac44f601fce8796337ba952ea0845a3df4b53a98c0cf49237
372,617,107064,36533959,0,0,64204536611,64168002652,0x106f5e301486d2c409ac2a0bcdb4eadb27d228ba,0x8b0f22cb6ba92e68ff11cb5c9b89273ffaf4510b45ff08b871e9b36a685e074f0c8bf0b49e3e44147a00b5ed4cf8b689
373,618,123988,36529945,0,38,32036529945,32000000000,0x818b317357353dc58a85dda8b0028d1b4b5ba3f2,0xa425b49d9cd5d38a08f29bafd89deb00c35c946cc4b55d2132ad2b5fe4a1b1cf47b02f040a02332b579f041fe579a36d
374,619,123277,36517734,0,0,32040158784,32003641050,0x9bc242fba4e45dde003967371a62c829557f7c86,0xb1f12c7b26435c694d7d8c81d2faaa0256e138d0882f8547afabf87b78b5b63d57f0716c259729e33fa68ca99a1ac60e
375,620,123275,36515251,0,0,32040158270,32003643019,0x37ec00125f352e2b93afa3b8275c335e162fe2b8,0x8a17a6c4923d20f3d502b7ff1a2ceb60678c94aa0a79e294f8b887040b03fe1d6d49e8b3ddf125571d75255a0c6eb0e1
376,621,123672,36510607,0,0,32038496836,32001986229,0x157da77f4e2e801778c4fc31dfb04390b03f28c8,0xab3829e9355267a806fc302b304307ae0be97afe32e2dff516c17d66109d2cd1ccecb8165ee3306052cd2f45bcfbd8c0
377,623,123920,36492451,0,0,32038171164,32001678713,0x0dc8c6eab56a9568b2c5189a032140a1c5bdf928,0xa7d22be362b33c4ea24dc7e3cb15dbd4b3dc30efcea968a81a349f74e6d020d5b5bc0ae1920bf1f6cefe42d0551196c0
378,626,123674,36481907,0,0,32038425944,32001944037,0x28cfbab332b343e6b68f80682056ea89fcb9879b,0x92afdb3397e1af1b2fbb50be8557cfe78f63363883f6a2be7dda126e631b481e8a3577d4fdb156ac8c13a9631bbe4d7f
379,627,123572,36479332,1,0,32035114069,31998634737,0x19c403677a2fc5f730a4ae5b2869d78f2d39f1ae,0x848b5821b8eac4c2be659db991827abd9180052c5e6f5cfafe8d71b59a783549f82e09dbd77f713f4dd48efe30884ab3
380,628,123258,36471380,0,0,32040288908,32003817528,0x87be6eccdae001060707e9da229d14f858c5dee3,0x98747d11ea81ccb9e4ab39ffb16ebf9e419820ec7c25fb72e1ba2411f483870fbb392705273b1a061fb230b317193be8
381,629,123278,36457296,0,0,32040135374,32003678078,0xbbef812168a7ebff871f827b268bff96aabc8425,0x936aaae1c2f78ef98dfbaecbd6c513a585556a9e8f918ff9d3c87ddb4fec8919d6240444b0049895066a1d9313012916
382,631,123645,36450503,0,0,32038620821,32002170318,0x6f64fce4528931de7f28952aba6c9bb617489fb2,0xad9c993b4a268b29abb7de7c9824ede165ab123332c169ecd3bb7fed97901879170ef5db4612c9a6a71ad6094e8fc8b7
383,632,123251,36447815,0,0,32040265206,32003817391,0x9cb06476d894337301d6830cd22ab8d83e297180,0x9190cf6ce29ccdf32effcf5228897441c9de8a8004a74b0e0190de58749ff36f04dca11879c74bf8c389029af2422a01
384,633,123650,36445755,0,0,32038581364,32002135609,0x7f6d47eaeb7e5361880a36ad256d5afb66c177a2,0x85a0b0e90f8ec64ea6055d60012a8f1afa43e3d32442873aed6d4e297eb819143c9e9bb357ecaf0415d2497c417e2375
385,635,123262,36441173,0,0,32040304510,32003863337,0x89c4523f0af9f334d9e3df103a270df6367ef012,0xa2189a89ddf765537fb7ac9361ab028718a1cdec236c9a695c1c5d6ca0b80222bcb1d848a36e41551c70a31fefd461c3
386,637,123648,36431373,0,0,32038631357,32002199984,0xc81c32eabd07b1cdc349f9a7e56145a31ad513cb,0xb540841f0e223d80b556f2af3f390aad35c957c54bf79534daecbc61f6d121a3f41d2412cc5807ba457bd647e030ea01
387,638,123983,36428169,0,37,32036428169,32000000000,0x6232b35fb127130f229d85e0ce0d2f0c7630d159,0x83efd03ecd4bcbffd668bb52c62fa15aa8785dc13448ffec0e4c2bc277a7a899dd1661cb64ee1ffe7601e6019d0f9152
388,639,123681,36413544,0,0,32038309250,32001895706,0x216795e5bf59929bcb25f06dc84c93f89e24bae5,0xb47d0c47367e8e28f4a728c715c8318551b845e234918b9ef5596c9e84173428b1d7aa7c420b5b47a4205aad46ca7152
389,640,123280,36411179,0,0,32043778127,32007366948,0x23e81862267670430c97ac24bbf1a6793d17f677,0x99e799df8af869ce63d84118fed9604e77d043fccb3d0f7f0c3d6be39a47d04afe46bec0bf9ed7b2fa40ef51964b8519
390,642,123685,36398776,0,0,32038387999,32001989223,0x67aca7cb6e80f1ace948102ed4e585ba7c83a8b0,0x93e58e4a9989fba1e0d9c7f19d1f952965eb6319fc4b9aad6dc9e03a7852d0412705a70afd87f4c696a36000e2b1b209
391,643,123970,36392518,0,34,32036392518,32000000000,0x947bbc558834583b309e428d8b40ad469fdd64b9,0x81d39718b70cd1064b93933a7e6fc767838a6ca0ac5290abed061fc8a7a83651a62fb894c076ca2ba0ef50a5fe4e1647
392,644,123975,36386362,0,35,32036386362,32000000000,0x7f8c31f20de9637007224633a1927bf8d0f07c5c,0x919b388c2a61c4456b57809a9ac7186598c72aa3b0d648614f81f977c58cd78bfef82ae704cd2a3f5ba07c3dd404123c
393,645,123691,36385179,0,0,32038359683,32001974504,0xb173eb5a5792c17f42c094da1c34b1b01ab0b4a9,0xad362b64344e976992da833bfcd5811b33291db8adf5e28987954cb332e6424406ebde918d1334fdd7e8f4812f82d70e
394,646,123722,36375460,0,0,32032490421,31996114961,0x79f60ac3ccf6c86d11a7aaac10db193fc00bd812,0xa8b1667fd9deda89f93aa923290cc806d0d9c6e1b3ce56fea77cf129c2da56616618f536ede653ece958c877b6a6b556
395,650,107053,36353283,0,0,64199412677,64163059394,0x205cc7641fbedae5224e7961c6698fc10329fd42,0x963087b7f57d6b8d8381f43177eb7f1c5498a8080ac099de4af0bf78e6c9465be2fd8f995054182ac183f3a2ea142d81
396,651,123281,36350956,0,0,32040021909,32003670953,0x802464e4760c52a1a75e9a85a8b54664483b9f8f,0x9699f39fd472ffea0dd7b098601bc7133e1f7953a0d47f55cd3af77d32316c3e71026036dcf7fdf5e51b6b926b7fd5b4
397,652,123969,36343262,0,34,32036343262,32000000000,0xea886fa0b4205807f5917acd12fbb310a29aa82d,0xa88613e681e2e552b04554bb021da1eedb0f6cfe5ed3ed7454ec55b00543ef2f66a7062c78139377b9f45684c727742b
398,653,124013,36341625,0,45,32036341625,32000000000,0xa840c9b73f809c9b603a3bc58d927e6577d5e06b,0xb872ea937df347f5adb4bade32fc2e6f77fc05cd151865b9a3c1b6c52a9639464d0d93975b2f98d9074abba1bc359026
399,654,124000,36340113,0,41,32036340113,32000000000,0x3b52091cb78e25e6f399b300cdb7cced4323ba0a,0x85711d6d6da73dd5e2d89ab93a4474e071686dae7347258bb4fdf1bd2b298dcb94795417f0ee697f6107b15de302b21f
400,655,123269,36327817,0,0,32040096229,32003768412,0x653a18182baacfb9360c292bac1978711bf5a3d1,0xb9f71b4f67149c691af2ab8cac7ac9a77e9070ca365bde2c62ce287fab3a32d9608ece8e9fc695b3f10a7bc5ae9275f4
401,657,123689,36308945,0,0,32038218562,32001909617,0x968e69b3344700e37f0bb74911a19e086556ebff,0xb15e448002bd0503d6c8199df0f443236ea86e7dede226052aba82330f44ee49def2f45580fb2e6d029a28541b7cd151
402,658,123687,36306016,0,0,32038192174,32001886158,0x93f09ac607122765e3c4489c2d63912b6a734d68,0xa4e97152ed4be4387b8eceb10d220129b00857037672905231c15bd95459316f05c9d932e3ea64056a68429c8bff6b77
403,659,123653,36305326,0,0,32038416802,32002111476,0x30b7313af419dcd7a570b1e68ceb4de360c3ab07,0xadc1bacddfdc708048bd0d66720c7c63e78f4d4903aaf10f440db90ff862cea0c5d812871f2f69edc3bf694d4a308fcb
404,662,123468,36298524,0,0,32037722378,32001423854,0x4e0ac1ba9c98f88590bbe4749f5e26fecb7141c3,0x8bb6d4e14029d055c8c2a399e5db5039b54b0ebdb1523a1bf35add10e76454e3dc9f00421b9fc457adc3b1335b7c011f
405,663,123256,36295297,0,0,32040078230,32003782933,0x74ee278b0a8debf7efbf2e3a0710d007f3b24de7,0xaae8613fc00093816d1b2aa0cc471b8cb9865fbe716cd247ff32824b9ab30133185ed550e6ab23ac8eed21b47fccc3e2
406,664,123283,36289456,0,0,32040157390,32003867934,0xb4585cdf2423a4d3582042ff4e0238bae0aaceea,0x905c401dfbaafbfbe4c649e2ccc4a5348d31e1ea74ee233c7ae676b1428801a087970a677ed753e0593579b975f2954e
407,668,123257,36265780,0,0,32040119681,32003853901,0x10cdd04506db3258110b0f72ca942d698239ef38,0x8baba385c2de055d8148198913ad3ca62365b5414ba7c7eca7d5d7bd350363618701dd0ba69985f3bc3a409a5b0314d3
408,669,123982,36265702,0,37,32036265702,32000000000,0xca05cc8e957a5c08a4cf0e432a5c82cc8b592c6d,0x87229eea8834d0896d0d4c353ecae840e1b584eb925b94f94b27a76e8bc37856c81b961db81aea78ac241c285ea4f134
409,670,123686,36245522,0,0,32038152987,32001907465,0x936468658dbcfb8edcb89a609645fa5c9514a970,0x869e5345ba35cfb92af2424a1d7064c146d872b370447561929d935695873800fbd60b18fc9836892164c7b9061ebe34
410,673,123680,36228928,0,0,32038134998,32001906070,0xd456d8d3605999c579a2981f87e511be3912565a,0xb3d1f61f70e755516f1d6dc94390879cc6361b1676067c766e5552752a2a3a504bb086680ca52691749d4bc433c3cc9d
411,674,123693,36226189,0,0,32038262326,32002036137,0xef6f998c4687f3ae3989271ea7f6b86180c49779,0xaeb56a37148fc83ce0f3c1f31accea112d419682a82ed62b457551d44aedc8cb9e5f846b43367aa81db97533aaf7a7f3
412,675,123287,36222214,0,0,32039922023,32003699809,0xf2497f5675159c835aa41535e50e4e0025552d42,0xa4e08612fee9430ecfe7414cb5bb1d1370fb705f7eddcd48430bbf0768993429ed335337620f22387969e8ca11062e9c
413,676,123261,36217176,0,0,32040093497,32003876321,0x82949649612f0e6233d4bb350536e65d9c1f0f2a,0xaf9957b678747d6b051ab42c0f7b4dbb3bf5adb8c22da1c5da159b3ffd926545380fe2b644059325d5bb88127b6189cc
414,680,123276,36189909,0,0,32039848685,32003658776,0xa850a1d091410d17d0fd8073283890e5b74c2e55,0xb58dc376e07c67fc8557e892ab3c789b0fac4504074983e4dff120b72607f7148f4df9e725255885222886091cf6e752
415,683,123646,36162782,0,0,32038273730,32002110948,0xf07a38be2eb43ea6416252a43e1b7bac91196fb7,0x8bf10729e8b580a705de26fb28d71f00a519e8613e90fd81c43abc877f36b3fdde36d82ae7bc3fd13afdf112e09742c3
416,686,124019,36137326,0,46,32036137326,32000000000,0x1d83be013b01c8ad9ff8afd497a5b27e8f310b45,0x8e79d0ff046118d378b4cf574a2718a13c69c03a1365bd55fd1f14c1ce17c95b990afde43a954a1d5a38b0129fc4fbaf
417,690,123998,36111283,0,41,32036111283,32000000000,0x0224a60ed78285b2fbec846c55da9114a8379376,0x9682f2e897f4fb590447acd1d02a91566e857820c9b575ba2233ecba8fa3182b08c5efa2610b8e4ae5fa28c477141d29
418,691,123255,36102539,0,0,32039849877,32003747338,0x3b8919e09cc8008d107eea90b2e7eff87c9de764,0x81a96e880bc64e35d9b5f8dc077aa7ca19d44aa707a0a304fe969c7d263875f1620a9a23bb78819f7efc27eef66784cc
419,692,123979,36102353,0,36,32036102353,32000000000,0xc7684d9e7a2cfda82b6bc42afc19ee502609d00b,0x8cb940d45ce0536c4420c69dda2318693ea2c83b79239a9f13aa8b33ede6d8e4a1c66f7bf68a67bf2a165571808069a2
420,693,123675,36100592,0,0,32038089138,32001988546,0xa5635f9cce2fc89a6efcd444094f695c4edbbb99,0xacd9c1dd6ac549ca3f97f628d853ae6908e985176aace2041b391e2ff7a1432dc36b4e9dd612d0355d6836e8c6d9f6d7
421,696,123556,36082443,0,0,32033859793,31997777350,0xdee040d342d852d2285155ae76a0464a263e95e8,0x98e957e9db7c2e4be1dc72db255b81361bb8576bbad30f6d99230e015d591d83500ff6c24d960d81f52ee657cb373faf
422,706,123179,35988536,1,0,32043041443,32007052907,0x0fc7f2b309328529b2510ecfe2e903e75b2a6d51,0x8b47bae187682990b2e4229515025a03c0663ed559e3e27c7e2d304e14e05a958aeb356a8017f157f8e7a1aff6c7babe
423,707,123504,35982812,0,0,32040060629,32004077817,0xe1f6c875a8a52c4d1dc9af0ed43448da5820a1b2,0xacaf90ed0c0558a32dee09c812edf944d14e26aac663cf737ef502c3bcc4048c705198675610a3885e8cd60a2fb5ac2f
424,709,123398,35955018,0,0,32035398029,31999443011,0xc9de6550600624faccf1c60e3bc75b88162db4e5,0x82784fd1d2b05f1b509828729cbb3c1093c53bacf4a685ae79cbc5bb18416e17ef3f992349cd405dad64117875c6274d
425,711,123279,35929789,0,0,32039632865,32003703076,0xff7af699cfd9390196e16176701ac8336f6cb30f,0xac560506f7437555b0dddbe6919f292d4ea2ed933e8079c6ea888b117825a099a52b8143089c5d963268ff0e8bb43d14
426,712,123270,35923427,0,0,32039751147,32003827720,0xe4c629b310ee2e8dc016f8cd551cc46cb1906c22,0x9419755b2c9705db548f66bcb1866baddfbd8dd824abbb37e86d5097bce5614d8ade10ff71e2ec5ecee6b3a5b9b82d58
427,716,123508,35907169,0,0,32039869031,32003961862,0xeb1df57bb04a5d48068f128912180127eae8e425,0x84442a6c08eecbbcac6e998bb09d2b635d20690d4d4bfcbd9efd13947817ba60ad54590a6d5f920c2c134e29caed765c
428,721,123671,35843023,0,0,32037797305,32001954282,0xe143c9bb4551415dafa77579745923a9df0ed497,0x99613c7a5c4a183a3513c078f2d2c47761923dc73d67a143626af5037e1b5598e9c178851b3a84423aaebe09bb374f33
429,723,123796,35814330,0,0,32038313039,32002498709,0x7afad066efe03e85748c0204fe98ad10285bc026,0x841a1289b900f607042aed9a87b1a5f40f23bc69ce193b8f4034d1a9b6a2a9db1075f7c45b8042678c0d9edd9a9c9ebf
430,726,123808,35775844,0,0,32038103592,32002327748,0x8a5a986d11dfd812c88b8f131bbafe306b478969,0x951f559e747f2dc9cf2148e50f3acb198c69d2a465dc90f11c876131b2d6836c9b3bfd895c85b1ca75c65fb97c389a55
431,727,123853,35766250,0,0,32037838278,32002072028,0x0fd6f3f54b64d8be5b0846b6510ef052ca79ca47,0xa4cc9d9a246d2bd075bef6399f4a1643ab73a93d9a5ff4719c9a82eab43f70219149e1b31e2e84e0fe1025af24100d0d
432,730,123989,35752630,0,39,32035752630,32000000000,0x239fded3509ba28f1e46db55df1c2660b119a21b,0xa8ec403f09566f676644b62c6264aa010150ebc77351ca4631dc5cada5ef30df3ca8b9140371c6410e66712d2b19f1ba
433,732,123839,35705503,0,0,32037838094,32002132591,0x4d824d9604b183dbd161aa33e23a225108395c8a,0x970255f203e7be104f37e1f3d7e5b7c5672f7466a79f8d5e7166b2761cb9107051ea56409d3efb070e855ecff2a615e6
434,734,123825,35694022,0,0,32037972377,32002278355,0xf95c909483b0de63a27f17aa1fbbb31a750ef1d8,0x8917218b8fca465a8f164d5f8aa301886356c7a7fbb9516a789c77420a20121f7e52f43d8974c6fead0561fe749908a6
435,735,121591,35664974,0,0,32064860846,32029195872,0x68498b5bca2049133141e4e9583114b8f0b0189b,0x98e68eb34f71bf264294e8e4f5f650782d025ce0fc6d2100edb60dc56ebac4620a697e3cdad800e24a85e4896bead67a
436,739,123225,35635084,0,0,32042473783,32006838699,0x8d8b9d2e5577ad98d7e57ce866418756151b6301,0x835f923112a6aa183d5a5a2f1919a2523193edf14d9cc284fe551bc111ef800b5fd90f8f86b0a13d48a22dfe0a230222
437,741,124033,35622477,0,50,32035622477,32000000000,0xce08bb0843b724c10cdf17eebff1f0c00a127197,0xb3c61a6068dc67ba1bca826b2b1172d27e793ba554ca89395f54362ec64549f808836ae82c01d7f2ec617fddeb893405
438,742,123800,35614010,0,0,32038040856,32002426846,0x2c8bb4f561597b47f0e2e53cbe45192fe953ddcb,0x86a5d03974e143f2ac324e52b9015b3d0488913e695e512db476a33bb432047a49d2e6063500da7d840330b7106318c8
439,745,123846,35527085,0,0,32037616432,32002089347,0xe26a1f2e7ca49504aee97e00de65dec8a5ae75fb,0x802e53dd54a424bb4373ad78d19b3fe934bf42bc8933a10341f369f23f696c8f91c3cdb627ee8e5689a8c5d327a5a995
440,746,123318,35502378,0,0,32041653458,32006151080,0x73a1838dc1dea58f46c2d0b20fb1d8415a9780c3,0x9044a0cfe70b9272bf8d9038128b6dabb5ac2ef3364e3a3c86160858fdcf57fe05e3f862275ab8314f128dac4a082ffb
441,759,124099,35224992,1,229,32035224992,32000000000,0x832b9c76d81ab1f6bb8f967f394d39fdb5c12a58,0xb6b479e119d8a2678e88282d4e08f0b298a6d4d0952b4507c552c3a633b80478022de0bc9d8e7d19f035829e7a0ac374
442,762,123218,35031429,0,0,32027734321,31992702892,0xb8447ae2a865edc14f9529385884e0612400d15b,0x93bdfb6b1bc5ea898cdb0f933ca44a47555f2e26c24236d37ebbc43a7f7fb5555fa011cb14a5ab1bc16d431a3446a5da
443,766,123938,34650937,1,0,32039282228,32004631291,0xe2a2d744a2701da8afab16e5d2c47f612ec8c240,0x830627f7365d790bb47b19af722a90919fc688c9bd13921851c6198339e56f2f9d4be506afd515cfdd8c6feebce6c811
444,768,123677,34519969,0,0,32039064302,32004544333,0x52a6b6b8a46d3fa3a4d87e2f19defb75fef76c94,0x8ec2a207eda980ae259378a55a0574baf1d0be7e4b06df65e949baafe23b6380e22efdb2eb00e0c02abee6433fd6ff84
445,771,123386,34406099,0,0,32040574557,32006168458,0x0d7526770588e80c4963f65ec4ccb9604ca629f4,0xa3e1df440dc8ad4e1c4dfc57a84e32718e4e613ae491705ca3e3863c6f24038c59297cfd3eb92ca72863fd3fef525c3d
446,772,123738,34353523,0,0,32038505668,32004152145,0x373ac5158686c025964b1e5d37755fc368304e54,0xa6b6607cf4a8c172a493601b896feae887db65be818cdb6f21d5ccc68d40eaed7fd41bb42a9238f2e3ce9689662c5f60
447,773,124100,34271337,1,229,32034271337,32000000000,0x0cdd8368c02b465945af76d3e47ee7d48caeca4d,0x94be8f000d2263b93fbd52898b0c3dbf255fa454b0d0eb29128ddc140532e6d6a3fae2c1092cf09611b6dfd1d50560c0
448,775,123052,34144095,0,0,32041972967,32007828872,0xd4d4161c83fc519c7b34d111b6c9772eea6608b3,0xad960bd17cc4e7f0082cb53ae21b94b6d147df25530a3941aa529450f3a6b55727029d320528352bd43cf646a5e357fe
449,778,123400,33886403,0,0,32039979902,32006093499,0xbf52f45fb7fd177754508dcf82755a821d444279,0x85d8b26dfc549ca34b36005f0fc876da00e806318775e1a9128180bf73188f91f49eecd6002e7ee276960e2f1a6fc678
450,791,123094,33241060,0,0,32040861361,32007620301,0xd1d134cd5a062934ac653e5dc2bae93115a410bf,0xa34db87654cd4c33361f57494493a2dad1358f2c4158b57de9a2b68537d1c6f8f4dd61e48b4c687cd92c9ed61d263b66
451,806,124047,32804002,0,165,32032804002,32000000000,0xcf1e25203ab2d6ab867256b05e75da85c18daeb4,0xa6d2c41b41425f55b3068461b31c09a323368511e22a9b1daf40127c3bb34f46db22ff8887e9a227025cb9625817d4c2
452,807,124071,32783908,0,171,32032783908,32000000000,0xa004fdaad611ac8f02e38dddb446269a6d452895,0xa85028650ac5fcecdd9babb691f11a5df89186e5556373bdb99eddfddbca29ae8888677db628112aa2c92c410dc0fe0c
453,811,123241,32739057,0,0,32037164016,32004424959,0x1a5ca4f41f2473689f69e3d082ef5e2585205640,0xab5ab444c3f75151199d4660a56bdb1a92725e01e2c8aa2a43d9909b884bfaf8eb08c51206c142add7c2c20c998f80f8
454,816,124051,32539550,0,166,32032539550,32000000000,0x9d47faf24a4681acb247ebd11af8c3660a0e100b,0xa52dad01943de5771d07bdc6c8d95d2863b6be48fc68aea7553c948108e73678fe2b0ee28b3312841da67015fdf67190
455,817,123897,32527108,1,0,32030880267,31998353159,0xd926a891a3db92ba6f097074ce1ad4b3cde2a3a5,0xac454e290b28a2d03c38050ea61679ef711c7a06bfd2c00f9bee00e36345995a0c896d14f4372ce3d5b10d95b338e4d6
456,818,123790,32278866,0,0,32028812018,31996533152,0xf0a1bb19f8cc0813781277dccebcc3fb659d79e1,0xac7c2148e71cac7a9275acf04b5b5281924bea3b88b15834d5e61592704a007197a0111d4e35672e7c89ab47c3af212b
457,819,124058,32206492,1,167,32032206492,32000000000,0x6c4cbd214bdc9f0905bfb29eb1d9bfba58348972,0xb96b8aa13b6218cd8609fd64de548549c50cb8d98bdfafdcff9ff5778317975a2f77ed7c0af2bf33e0a76e26faf5533d
458,821,124115,31726038,1,293,32031726038,32000000000,0x483b7fbd7df72925ea501d106bd9c675c8bbb79f,0xb00137b58eb33d657d4f3da9e50fb883a74f119ebf7067a739d3598f0b2f4f8b91fe6003316483113a62423210f14cd9
459,822,123495,31464567,0,0,32037094070,32005629503,0x42e1d6de7287938a7cdd1ec76f0b6ec0ea429230,0xb0446bd53ed628a7d40588b100201e515ee688c61e52710a5816bace44a7769fb5764df3cfe07f1cca5453686f57c794
460,825,124169,31321370,1,425,32031321370,32000000000,0xb38e943206b23a2e0456b88b0030885457f8a898,0x9396f81c6292f2682fe3233df79bd551ffcba72b87bd29598e8a797d773bfca741168e7c161161471114803b9ddd568e
461,827,123985,31237728,0,38,32031237728,32000000000,0x25a8f1d68f352838a8188048e1052476934a2efe,0x82550bbb91f1a889eb2f69abaa45eff9dde903f8eca584688e08b1842a6800847184c17ab06edbfc6e202184e5a7ecb9
462,829,123806,31061879,0,0,32033500779,32002438900,0x23ca077b8b3820935d3b93a7d692f67e0fc317d8,0xb150eda4dfd1253cc487c6ff3800df433078fa8a2870d5b348c82a4596a81e30e503637ae2b75908f6edcf2a714168ab
463,832,124111,30559297,1,292,32030559297,32000000000,0x17e25693b3acb0539bf8ac6a405b22b24aa21b50,0xac80855abc85db39176d2ba18065be40d204bf553829569f38cb5065aa16039e4f05484e65df50295305a5ed417e1f24
464,833,123956,30485087,0,0,32031476505,32000991418,0xf2c5eef73432b7c203036ae3c78b52d1c0073c69,0x9116263241e604a2409c78e69c854417e4f6ae63a02135d7e914d2a8d36ca7d8fd39b6700c9066f26acc49b4696010af
465,837,124055,30230516,0,167,32030230516,32000000000,0x511e3c306524a5c4cb566d3309e8d36ec7c7d8bf,0x87a9d73d2d3195dc5d224f0418d5b0a54052a4942cb17116255711c0ffbf630077dd7eb235f0641950db98b89d434406
466,838,123250,30166361,0,0,32039480561,32009314200,0x0c1b2725c75156fd3ecb491ef801668efee1344a,0x8f4160bfeadf5fc2fba6ab0822e54f7fd58c66927d5ea57eb11a493f4d3994a4ab5be3eeeda62c7253e79ad1e56f2675
467,840,124023,29934076,0,47,32029934076,32000000000,0x0e4021551bc525c3d151a28db8cd9f7786fbb8d0,0xb4afadae905b728fdf18c59fc8e23395121dc1a21057362295c0f3ca1966cb97c458674a36cac8936197d7fc630d3124
468,843,124124,29585131,0,295,32029585131,32000000000,0x957d007b3371b2587ea8fecd85dd7dee8008e461,0x865437528cc1800c36fb04de1b43b1625108cfc3eb3ebc3fcd93237d47d99c6eafbc55d87c528e03ffe2d05fba5b5d47
469,844,124119,29555354,0,294,32029555354,32000000000,0xdb12f73f7301c1efd1c8f468a187901507bd72ca,0xa18e975c412dca44c8992e20982f08cbd6f9f44488dbc08b04adf6400cc68b717a05d6f6dcf45522156cced3a0bd4a03
470,845,124108,29494723,1,291,32029494723,32000000000,0x6e2d6515d75fa5234f3067ef81ac03b7ead65cb0,0xa712fdc9171d74d2cc4d5a5c1582d02a8488de21cf599d463ef1c827266309f82247de73f8d6a92245f289ad29b36959
471,852,124116,29296114,0,293,32029296114,32000000000,0x4b73324ceafb7f33f2500ccbe62f79730f171986,0xb8017d7dbe84cf2a9c4d61c7dbf162e55f37b1c1b4470534a5934cb3c2f67d4f45372350e2c9b539b03d5e981abda452
472,854,123355,28617915,0,0,32033982398,32005364483,0x06d5efc3712d206980355cb6999cf33c350faf5c,0xb812468745524212436acc293fa0945c6db91b3c32b1f5ea59e82178e1b08444a6f900f2f5dce2afd854f78ec85c5971
473,855,124015,28354786,0,45,32028354786,32000000000,0x73860a0340b1fff9e95d035cf35da774e79435a3,0x8f7d7085f589d7324046d4b5c0018ae50e143a954ee12cd97cde63e090017bddf907d3dc7f812cc909f83628dde04abd
474,857,123603,27974812,0,0,32032899952,32004925140,0x296b0b8ee6015f82ea8afcf078d505a945cf4c00,0x94f58a395bcc703fc3bebeeb4b538bd0b9971e5183f98f917de3956c7a138248b42c29c60fbe5b5ee7d1b1f519ddd2a9
475,865,123899,27675774,0,0,32026866980,31999191206,0x5be1f8163d2138d4e4d5870359d4b381462b01fe,0xb1243d5c0bba88b9afd1902ee1c6a879a8d45b6a3a8ca011c4edaae7f016f28c8531507091e864c0462b72c488296504
476,868,124137,27620464,0,357,32027620464,32000000000,0xa09aacaf98ba261026d83f5c47d6ec543f128280,0x8d9f8e5dfb8a3c35a9adc348d4d59a387f4f2032052eaf6d87e2fbadb87f6c00a4868307ead433f2690c5b08e3cb84bc
477,874,124229,26812890,1,624,32026812890,32000000000,0xc8a91e68821cfd4c63a3c1ba4a04ac3eaa79ab18,0x8c1fae5af51e2997ff828207fb9c8c78dce15e8a86144ece9737dee500e754f0b7d5ef64f8fd0197b421a556347544ad
478,875,123512,26764717,1,0,32021599782,31994835065,0xc7ffc28142ec9cb93d1492ed2b8057d0f2b12fee,0x8270337b8847b1a35e8b399dd605f94328d43af3199f7c5f8af1bf2192dbf53e32287da5268e2a5f6f9eade92d646046
479,878,124128,26114964,0,355,32026114964,32000000000,0xd699cb99a870df30d6ab55c9a05f4ef360ab904f,0xa2c22b724d21cd5d2e149c5bec9ea8a1fbe4b420552a867728ccb15a8071456e734f27937312629a68cb4a439f7291e7
480,885,124156,25970469,0,422,32025970469,32000000000,0x8b62cbe635f3ace0521015af82eacf491a862d92,0x9150b6ee69c8a6e10ce0a168fa77c7845b54811c1d2733d0b64a986e2fce5b7ff6808a185b9623070dffdb06ddcf2cbc
481,887,124172,25951500,0,426,32025951500,32000000000,0xebddaec2a4f611962645ec42511828af99eb9b05,0x8aaf1f3d5dfc69e0c643b5639b77331e015c87a76458a67038857fea2c546d26c9d0325d48965210f59438101f00fae2
482,896,124049,24966333,0,165,32024966333,32000000000,0x7f362b0f7207bb6c133f0b86c2e9f004a892f91c,0x8b80f8da13602dcb7e34b613c73082ea69225874392c3f399232d8242cbd85b4fcb442cb7d3b03591cdba0c2bfac508a
483,899,123602,24812364,0,0,32020189055,31995376691,0x4491effb348d6ba8e3dc4680bec797633037098d,0x929980dacb637a6dae7e27276cf49edd19d08e89c6758299a17f2378f0761681b5cfbe6f4562ab2be67163949bb85dc2
484,909,124208,22622836,0,556,32022622836,32000000000,0x56b96de8d2e1dce7d891de3e0ccbb543f5290631,0x9031989ee9029d31a51752b5c05840e5a891e6a3300a348bdba82654164474f9796ed1ab38288324284269041e3ea58f
485,912,124179,22530463,0,549,32022530463,32000000000,0xc1b2cdabab813154037874786842a7107ef17876,0x958e5db15edbdbc70c44f332190bde388324d661f6528089e02a092353ca3cd4f74c762acbdda35e1dece0d2276a101b
486,916,124186,21859057,0,551,32021859057,32000000000,0x520eb411a4c2db1950d0ef33e3e1355d00d24692,0x84ead68b122595c3795d106e179a9bf22559bcb8502eb11d3327bc87bf4e119364799b55724379470e0d583c274b0fc1
487,917,123706,21605864,0,0,32025866567,32004260703,0x9a979f2762938ee7c4bc4b88273f0c894693af80,0x98dbd77b378e250bf85651b13dde6b58568312ba3d6672560c2aaa77776be9bd68345dc5c71c34cca175ebf6538b56b2
488,918,123717,21207028,1,0,32017297386,31996090358,0x51c9645e1432e7557cd982dbba852a488b03dcae,0x97b65a0434f12fe5e8d33ebcad945f21c5dfee7378fd16fe39c27b9044ab9e5f2981892119a4095cf12f4906883a89fe
489,919,123312,19834117,0,0,32026304941,32006470824,0x57be3107e08effeff4cbfb0de6728865cd49361c,0xabade43ea3f9323844e781d962f417a59cbd2cc19670c7fc31218fcee25a69fa5c34fc5ad18c6a632b9ad5210813a514
490,921,124183,19576242,0,550,32019576242,32000000000,0x18ec46f85e088439d2a2a1f4de546cee4c562d45,0xa6a729eb7bd6caec8fae5747b4a4b27ac1cf0dec7874e379a2c5152d95bc97bda69c59f8a97062908fe4e59270feb20e
491,922,124065,19541531,0,169,32019541531,32000000000,0x134962ed865d354079c4c90a3dfad97c79745913,0x924dce8db92d08157ee9586a7aeb048c589de48da3b3f0253e35a759cd5dfce45747d1eb63b09af05504d45bd14b8719
492,923,123951,19534878,0,0,32018207612,31998672734,0x4480d7e1315cafaff96dbc0e0cbc09050adaa4c9,0xb092e9bee85e4790be62d3b8aeb7eafd09c23d98d815c779fe8be8be00094dbff24043b1be15840df0694057bb40c48a
493,925,123884,19282814,0,0,32017562218,31998279404,0xa28e048f911f14fe99648f90a808ca949df5a5ed,0x976841fc372e62b70c024c18de74d354127f659b58294019d360bc212560c53981ba1f0b0f6628d76ae4a436d931de35
494,927,123971,19120561,0,34,32019120561,32000000000,0x460c3b91b84e77544b35bfeaa544f962c730a6d9,0x9676d3173ec467ea209766e69f1106f6ad5372a39948bd9e65c5e1812d37ef31b6155f3cd46422a617bcc279d392597c
495,929,124178,18769796,0,549,32018769796,32000000000,0x8d6b61de69358cca25fef4b7f583bf3ca95a373f,0x83c59e336ad1af3de7bccc938b418da61002f7ff34447fc313bff0a510f53eafb5f50a20a9003f53ec2ceaa810b1652f
496,932,123849,18114552,0,0,32016172661,31998058109,0x8f49cb80a0f32cd69677885752aeee038c88662b,0xa2f369e3b3ea9854ef47adbd78e27c15ba14d069756d6ad49546db73884a7c16e57e23719971f8aa0f8b7477005a0f52
497,935,124096,16765040,0,228,32016765040,32000000000,0xc45dfd2ba4d2ce8ab24a9334513bc56858a27017,0xa4ee36cdc66b53ffd85cc52bb49998e1b7e611f1208471ad3931d5fddd724444e20e8a09c9c1f5604789e7183545ce93
498,937,123860,16260184,0,0,32018274726,32002014542,0x70b6ee2317871c898f060552e040e9b135ec7743,0x8635a5c84f967ea04420e81f5b47c6139f14e449f5c97e9c7227ac428db82d9216be7e245bbd52309ddedec074d2fede
499,939,124207,15844346,0,556,32015844346,32000000000,0xbe78e47fb1b3b25cf10ec22168ae659e31c7838f,0xa5108a7311fee7b551811b267ca2fd3b02e95b315a82bb0864511484dc554b6a5f58ddcf15c4751054d6a208d4341c4c
500,940,124162,14506708,0,423,32014506708,32000000000,0xe28b9a99fb623969839cbd6c1adf406e17778e7c,0x839abf4737402ceac8f69a09261678aa7002b9433defd99f0049741ce4a8057d6a9ea1236f62ab1bddfd45e2acbd0782
501,942,123950,14403498,0,0,32013076232,31998672734,0x74a5011587240ffeba5740dc06e0bc1cb3314049,0xa191e8e15eed1bef623e907e56c07a8de01589022ca6b3d5d241a0c67b6ff571c94ffc84f6b3cf545f31212a7112eef7
502,948,121429,12689060,0,0,32017375070,32004686010,0x97717e020d7b1dc535fa7e954b7c730444d90625,0xb1185106fb966bc6ebf76be1c9e4a40efc720755c6ca4599319a0a4a0e55bf58b234c9d833de3a718a6865dc6375f9f1
503,949,123474,12365856,0,0,32018038419,32005672563,0x5e3200a7bd0444a85ea1d35e4471bcdc96d0ad38,0xb4aee221103058fdc26e2b3c1ca3050957faa104c8fa1243351329d18e8031210ae654b69904bc5f94195e5554816430
504,952,123996,11395873,0,40,32011395873,32000000000,0x2068cc70f8841bbbac4b2b6f942bd89593bf80d4,0x80cea5ffd3d0f01e66f926e2b4c587f06173592c3be390fe794ed3ae1a1c0af5b7cc8412e0a941fd7be1699ac04d43c8
505,954,123568,9661250,0,0,32014765220,32005103970,0x1f2b92fe1928e820aa100dba1a63dd37decd08f1,0x9821e07b2d1b195f20bd02336cdb6fc3812eea3bddd86e5b923bf3fdb36aeb38544bdb67ae49ee45a074e4c2327c412f
506,956,124155,7762644,0,422,32007762644,32000000000,0x2f5105ced98fd0dfaec6eed6125ab0d35f4e5c22,0x8b5ebed9d6587744f098a5b206c5d3113e75fea1bf8a840a34bad494b075a3b327db2e3b7712d93f77053605dc8c7082
507,957,123433,7551557,1,0,32013336575,32005785018,0x1181fd0c501d2ac88a32385c060f255249234422,0x96f462399b33f833e8533c2ab5e129ef7e47cfa85a8ea1c911b5296a63a63c0068d0debaf8ae6fdf7c55311907e6adba
508,960,123436,2395186,0,0,31996762329,31994367143,0xf0faa47834a477e42296602d67a2299a4d32cd39,0x857368b091afaa85c542cebd84aac4c319ae8a44f8ddb2d87b147aedc8e12438f5f8a6f21155b15c63cfca626147f8fd
509,962,123380,2227076,0,0,32008371224,32006144148,0x80f5c42f1f07dc228f377fcc0db34b7df76c45b8,0x8a3663a3bfc1c62ae1ce9d413aa53db024665a95c57e48d798d6edc52e570f67f521f2e224e40723c73c2cd13bceb992
510,964,123294,1934099,1,0,31995242704,31993308605,0x4b470f059f1a05bf3e1e0eb4f1da1e7ad6924ad4,0x898ecca319b259d0b2c1e6b9ae077fd86c7fd2812f98aca5cbc0fa331776f5131fc816972b081074211b68d8e2448349
511,965,124184,1817093,0,550,32001817093,32000000000,0x8e89d6845faea90042811beb3b6b91a86f897a00,0xa728fbaae4d8d20e1ef641898916f16883093f0840a179e76667d7b7d2966e9983e00e2444f1c77aba985d70fa4403fb
512,966,123727,713365,0,0,31996852929,31996139564,0xa77f58eecaf3310e4ee44a6219f3e36c1304fcc2,0xb0cd9ce432203b8ed51f35894de3ceb999e078dbdc3c94815dbf93e99fd827eba59b299a3d80d7f07c526d04de1d3985
513,968,123854,575645,0,0,32002676738,32002101093,0x4ad17c83a075d1e8703192d5ab295b499206730c,0x9944a3864dd74b303b1c560b84c441728d7c754353be86d1d1e7d492b3e6dc8db5a160b7d9038bd9c148951699319d60
514,970,121421,0,0,0,32027453800,32027453800,0x10d3447ce9d69a28d32f5c6445ed484c047a3598,0xb193534a575bb0818596005a9ba2439d273771cce9086e61673e46ad0df3cf62e3c95136bf4fb7395d3504dd64bcfd9c
515,973,103863,0,0,0,64348792602,64348792602,0xdaedeb8d897ef7a2c5f3b0411574c31cc0f6f010,0x9962d9f622fba9c71577eebb57dd2bcb6ffa6e479a1898380358dc9d823b888375c0be91eea81009e2d9826eb69c3c93
516,975,105306,0,0,0,64314045191,64314045191,0x19a6b4a63e1a45535014cf36e23dd291ac0955fd,0x88451689ab13ccf3cd8ba1c3894d0004d7c34454004f2c495924bca591d097c61e00bb5e32bd0c147623c481fe3e0096
517,977,105386,0,0,0,64373807043,64373807043,0xde88d54819c4ae692fbb8f5f914ac5723951ee65,0xb9676278428d923824b4bd8a1f6033b4e8365d47b31c0d8c56d3e706863b2291abe65fba2b0490c179517942f18daaab
518,978,117791,0,0,0,64024504398,64024504398,0x4046318c1aea6a1c172b7b5052d1e112b11ea1dc,0xb8b5aaa0683f1fba10db43ff018fa1e95b22360abef11415a7185442d1e02b168a68cc1b35c7ddadf3db374d308080c1
519,987,104085,0,0,0,64404007385,64404007385,0xf272511c002d0e04e6abe43311c03c637d92df6a,0xa7ed8919d38b135ad071b7b9bac49b303c8611d0aced13bcca0202d20bd0df03aebccc93674679eae52dd8a11a9bdcc2
520,989,104056,0,0,0,64407463828,64407463828,0xb33082c124ce4f949356362393c0575d01239e32,0x8c53c8d8b3d53f4f61d3b156201954fe699d3f61f3703c067e034b07040f8b758fb78a417e7e852d58877a0286df4d61
521,990,104225,0,0,0,64366931871,64366931871,0x5d2f836cad056c3bd19ba7f2f4bba75ded8c2bda,0x98331caadc7b4249a0f90b4fe68061d98c6ddf0cbd5cb428cb873040c86da176743e72dbc23a3eea4e8e9f88c6f627a9
522,992,106067,0,0,0,64363486356,64363486356,0x24e4a0f781f1a00e902e1aac0c47f8d62056d32e,0x8d9e5eec322a7ded618fad7ca3e32f4960d69c2c9951fce8991cdf91313b5139a5021c306d9a22095d69746baf503a79
523,994,113250,0,0,0,63961501215,31961501215,0x1fbeae04138db4b28cec91f7b7861d82544c819c,0x90f5bb369116049e79997bb61b5a8f4a94dc705b4f4006459ac5dda06e6686b47181b3153a033e66dbeeed74b8e0ec13
524,995,123702,-1109757,0,0,31995826563,31996936320,0x8605276e1d521d40a8ab93dc1ea620cbb8c75273,0x8d44cb74064f3d5a4c35a595df85f3513d8eb4ddf884e7e1e79c44b3505b65511bc7b15504c13390c11652a1befb2325
525,997,124052,-1566915,1,166,31998433085,32000000000,0xb921c44296390cf546d4c60e34832cbb55a85d07,0xa83372278e1e1a3f7ec24380c0fa36d15ef936917abbfd626481cc79ea788acd0bf11b8f406cf3640cb136fb1fe36a0e
526,998,123183,-2801382,0,0,31989679612,31992480994,0xdddc84ba59c337234d262afc95032c0c51545f54,0xaa9107add063f2c67ca4f923c62f7c6cb56dccec882105dcf5974c4952dc6c87875b434d088cc1fa6cea375c977a126f
527,1000,123973,-4308338,0,35,31995691662,32000000000,0x2fde5306e60a115a5f1a5b55d5b0c37b5c86603c,0x8199f8054d0282c1fc016ebef2b34554ead1e331860a966627702316d5574c6239e7b706e27faa757f0308b5bb1b574e
528,1003,124054,-19020224,0,166,31980979776,32000000000,0xd8282c6e954804f814e913df77968a30e45c1595,0x866dbb3cfa9d77baa6a122e1d9c36cffc3892321731fbbe5ff632de65b5e0071f5d5cc8df673aad03e6a754238062306
529,1004,124232,-19652194,0,624,31980347806,32000000000,0x411e951022fcdadde9ac550f5b05e66b5c0231c4,0x8ec86f38a8760d1a01656305a84b83285fba869239d2ce99c3abed8b0d18567e644a8441bd9e21e9bebd9de59c919f99
530,1005,124226,-19676749,0,623,31980323251,32000000000,0x1a7d8c9911a3e715d0b008d75e888b807025ac60,0x8beec6b134ebbe3e7d49a078a5581826f1dd4c17263102bb68eeefb39ba9903690e3a9aa78cba87caa2354ed8272373e
531,1006,124227,-19676749,0,623,31980323251,32000000000,0x781d68fdebe6d1b2b6f9471ccff1241011354c6c,0xa90ec6fa385238f7fb7c1153c6d36273b4a7cbb64a6862a5baf61f68a732f96778bf861460303e0b67871f631ad908db
532,1007,124035,-20887770,0,50,31979112230,32000000000,0x22b8424eb899147a699e4bb177013bf264c9ed85,0x83960dda41445e22d54148d65e696a62a2dc8c71d5564cb25b3e20db20cc7e823ee081097bad155708b5806be6849709
533,1008,124200,-21405151,0,554,31978594849,32000000000,0xfaea4912ff3a4962cf1d9720691c49a91f3ec0c3,0x9128ca0b7051d8f3b21c99b7870274686cfceae623d885c377657066eba5fa7940c394b10a8158106312e7adb5784279
534,1009,124125,-23533489,0,296,31976466511,32000000000,0x2903fd56cfe678c41ce82715ad6b1bda06f35aa8,0xa050f7b876198dd5f803b5b7b333b9412cc8828adc76d2070a9312f5dee8351044c3c31df4440e11574d3c5e241618e5
535,1010,123057,-24613011,0,0,31983270810,32007883821,0xe30215c8a2303e7cd9b8d261af28ad4ea8d750b8,0x8fab65e0c9d2d129f364bd514054dfd59bcfa8ccea9dea5c6484f12bd385f76ead334579fa1fef6fe18836091bc253a8
536,1012,124120,-27791188,0,294,31972208812,32000000000,0xffe116bbad78c6c8e5ac963ad6f29ad6d3cd947a,0xb0396e8eb728a21fdd3ca1230ee97e6ec0be81dd048e81005ef5ab2b6ec542bd11a4d31c5330c1c0ea53c20bd5878a5f
537,1013,124114,-27815752,0,293,31972184248,32000000000,0x253b6149fdaba4f59be036d538ab2a5e604af40d,0xb676d07c995dfde20a7bfa7a0ccc574c7d0e7c8d21945562a1817a21d96f3c10d8fa43ddb33f2b9ac1dc6df7c858b429
538,1014,123944,-30983563,0,0,31967664592,31998648155,0x3f32ca52ac4316e6a5252b95388b59aed00b3402,0xa4d2cff6299976fab8bd906177883708aff114de6bdb26f326f6bdc073b4d6c6cb165479d47ef5dc5e52f566326ce5f6
539,1016,123405,-34884136,0,0,31970468118,32005352254,0x4a46780d4aef99e97359489dae461d5f1070d090,0x8001fc842fffdfae70b1633ce288c86ca2ab6e3689df2e8db5d7df9129cb427b147556b82a42de6665825337bb7721a2
540,1018,105413,-35017252,0,0,63631646715,31666663967,0xef0f4dee906ca4377f8296f4eeb6ee27fb5c684a,0x8a990e3d1c87723c8441ca97ca7b504ca30d7ffc1950f79ea238a4ea01fd4d593ac75522e1e156d00d82b9590a195d06
541,1020,121544,-35039524,0,0,31979566988,32014606512,0x32359d4e5b9fdec323802635738b29bd9dbbdc43,0xa5edddf6b2953b04be2a90cb116cfe706822f10e035a3c41d70bde1fbc2db4398cd909b282c1de56cea60ded082146a0
542,1023,121554,-35039524,0,0,31931915952,31966955476,0x7b74959215ea0ca88a051e0ce1cd1266280073d5,0x99ed324ab7d1a9a7bfdb426c018f99eff8162961fd7e7a5d6ff7169030484c01e56449bd4d8cfc19b490e91347602e5c
543,1024,121555,-35039524,0,0,31980307161,32015346685,0x70c25ed4b8d15d9e5a1209c10caf27a68a6e9ac7,0x8bce00e90057e425571ce9ece011cc2a40634fba8dd7a4a809978812953f9a1b0aae63aff9987cf51ebc59b070d4082b
544,1026,121565,-35039524,0,0,31966515786,32001555310,0x9f504fd3cd843e3d03011eb373f20a66c2e7066f,0xa7c444b056bdc96b4b9ec47ed5d18e66c7179ba7998e731cede068da22c64c47fb372d8eddd775410d1c5e9e7a410af1
545,1029,123070,-35039524,0,0,31956750930,31991790454,0xb175f6c17783cfca4ce9553780f8bdda98139301,0x8b7fb1acec3c994ab01043bf290430803906a7300f2278c5f7812809ad0d554f0232f9659f952b4dad44babbbcf81326
546,1030,123078,-35039524,0,0,31956800262,31991839786,0x9db20edd530a66a9f1a23f789942d4478f0a3b94,0xab6c47ed872e290c6ac545f0484ffb40deba6d23ad5927f8a60c0cb70ce1c30a7163ee6d8c752db5d8d9cccc3fd95e0e
547,1032,123082,-35039524,0,0,31956824928,31991864452,0x8a047cb2ac6af1758895ae3ad0506ce1b83e357c,0xa030df24f80d7693ac5551bf66766c08219819de7897326b127a49d06dc0105f308d561352d76b29e549deedd5c78467
548,1034,123089,-35039524,0,0,31956874260,31991913784,0x986e24b827d4fb9dea617130730753d80ffcfc72,0x89076965c5677f198393de09bd10caa3936f04a4bb46ee9cfa36d487202bde72067633e136bf6e0b38522b0ba40e064c
549,1035,123111,-35039524,0,0,31956997584,31992037108,0x6c443954179115b9ec2e4fcfe559bd8a8f380a5e,0xa735fa9fd56b86dabc2484ae63b09e8616e231946be464290b4d7c6398dda3f410359ec8d5ad57f6d5896459c2eb261d
550,1037,103939,-35039524,0,0,64063995448,64099034972,0x969a1f7abd0c9fbd197ccafb8c33fa7d086ab3ef,0x842cd572d31b7795094464c61dc1fd17b6f9b77f78b0dc93acaf8ecc71074f6e0bf315273ec99f425bd421987afac92e
551,1038,123235,-35039524,0,0,31957761981,31992801505,0x5bf60aa6a973aa54f9c1fcd10bb60ebb628d2edc,0xb8d5db12eb1c59ab412c7b6d223fe1fedde7f1a6f63cd8db1dd46ca75f75df9b04fda351af686780b2659abeacac22f3
552,1040,123265,-35039524,0,0,31958027629,31993067153,0xc3351a91e460f9ba443897d943b24840070c5231,0xacdf131419425c7a5baeddf5d63698ec073fa8b50196eda3f573eb7f44e23dbcdac49b12a26cb85423fa5be751ac9211
553,1042,123295,-35039524,0,0,31958269081,31993308605,0x92de4b1a20bcbc4fb82e9e6acf94a3344a9dc07f,0x95ec0de8d28fa49f04caa3e1a5494f9f2aecdf60c12c8b89617b010d0a8ced1eeb7b0228c4377a93e8872a7aa516c057
554,1044,123298,-35039524,0,0,31958293726,31993333250,0x28f79b0ce55c93bf2f7b2415c8a73bf75dea8de7,0x930e93cfbc6a97f74c31d25f0b494e67413681ff8e8721e96ec1a3d9a3d8134ebfd9185a8c56b83ad6974b612c028669
555,1045,123324,-35039524,0,0,31958534667,31993574191,0x57760655c2fef419da61806d303a713326a6e278,0xa867a7d116478cb8a6634b171cb3c5718abd99332d83127a484e625f2ef875029b8d7a237289cbab6d83cba8574a6350
556,1048,123388,-35039524,0,0,31958997802,31994037326,0xfbf3bc2d8647c9c23608e4d0f8886d528008a6d3,0x8f02041c780ff657cf2e91e5f1f0aa1e08fe4c893bac8c3547402d2fcb447062a405a048f399a123f855fcfb2077e2f7
557,1050,107180,-35039524,0,0,63902269038,63937308562,0x53561e4062d25d0caf8100783e9da3fbd79bebe1,0xb091fe9cac13febd49552f571a97f5d6314f976727ee7895e8ddddfd959215646e57f04f02c7095fbbc4ae0bdde5e0fd
558,1051,123531,-35039524,0,0,31959894034,31994933558,0x1660fc620d296b704614b82d074bdd22ff90ec2e,0xad91cbec102b9565d93ac9d9f1f1045966c7fce5c0e1758de1fb37cdd5d520c5828ae483a5dc50eb1db559698f08df69
559,1052,123654,-35039524,0,0,31960657129,31995696653,0x9713bf2a5395543009d41417f9a12b4f43bcec68,0xa3e42af1d8bb8b120a7e86f4fa49e204112a38222fc029ba3944ab15822b68e4404922a128230b3eefd4c413e00ae1e3
560,1054,123723,-35039524,0,0,31961075437,31996114961,0x15f8aa1cb7487c8af1c9eb075bc62e49e2f4c0e4,0xb533d828a73e75a5438df39e1b7f6fe0b7a7d5c5640e5491dbd912c6930b7a0010dc2b27748c470df99cb7519c90d9f0
561,1055,123724,-35039524,0,0,31961100040,31996139564,0x66593a4202ab4ec67a9b9d23f8839a058ecf894b,0xa5996a52b73e16e11cfa26019f38eee05c8607d2113e485972cf446ceaf5690adc9b4d852d3194a8c0fb025767ced7b7
562,1056,123731,-35039524,0,0,31961124643,31996164167,0x18569525e58d508eb186dc68328a8ef18e627fd0,0xa84d4f734ac9f6a1abba910d88be604656e7edb92d2cbaf7889b1e2740dd639ef591be855abea0b9b65c54fd6109136d
563,1057,123735,-35039524,0,0,31961149246,31996188770,0x3166abaab4f557c518d8e2c98c4e11b7fdf2a8a3,0x8ac4943e7111235b8b8a9cec66739bb76251aaa5ac0f3eea033f4752a8dc00f3712d5bc0abddb9cbbbe0e748183acea2
564,1058,123736,-35039524,0,0,31961173846,31996213370,0xa16460fab0e8b66c6fb2ac0a3eeaff2f35c2ddb6,0x8f34a5b04419cbc90606a4b738837aa86c6dd41c3c52cb1e925ac140d130b13dda6dc706c8adabafae0a112fe6272611
565,1060,123872,-35039524,0,0,31963166116,31998205640,0x30f5fdf8a34b31e51a259f66e34be61911fe791f,0x99b9bca1144b0e6c8dc2cb2ba3189cec2c7e8d411bd05d0bb7c3d7feb0a7aefced89a29b2bd497698973134bddaf9e8d
566,1061,123939,-35039524,0,0,31963559467,31998598991,0xa1efc89bc7d5521793f2574c96bee2f1444241b2,0xa87a3525b2b4f0d206f8a75c038e90677faae06a9ed16b784e8b798870753144f6edb4f4d74f4cdb3ac9b2fc76d2af61
567,1062,123947,-35039524,0,0,31963608631,31998648155,0x22ec616840d8a4c9f937918b6c6990e004da6166,0x980297c0eba1c1dda02255bbbf2a0ee0b6b67b9685f3081ca04c9401a48ca6fe6ae19f9d325a946914eed542f9d28635
568,1064,123952,-35039524,0,0,31963657789,31998697313,0xc7b80146fbd8cff55554da77cbfc32958fbc2c23,0x9963eae22010834c7bbce8bf83093ed94a146ff88a2691397def9b799a2fd269cd97d2d84d127148778460ab1b9ac0d6
