rewards_rank,rank,index,adjusted_balance,block_proposals,beta_epochs_missed,balance,start_balance,eth1_addr,pub
1,1,123928,266366752,8,0,32267975165,32001608413,0x0f16ad3e18a24de047defb8d5c5fead4ff1c3879,0xa9372a5d4b2a3d254267b2653c12960fe62210eeaff8b5f8ddf4673613a4f3d9d9516f35af9c93d06eaa443865de36b2
2,2,123104,259003763,3,0,32266612123,32007608360,0x34543ee4c5815c9b588e88adc09331b8bd075407,0xa26311e1d40e2f0365bdf033396a80cba858abd2ad0f5a4ae5b1f5568516a4ca095dc6c1644c7548a4b77fbd1074057b
3,3,123344,250543269,1,0,32256765527,32006222258,0x95a286070f6d80761e58a84297c532621c18a725,0xac6a6450dce343155bdd365055c3264147d516f8c86bbba95163a6d75b3bfa447047fddfc095e67e4ef484c804705b07
4,4,123484,212941502,7,0,32218604112,32005662610,0x384757b82e2780be200df828daa9beab18ca3d41,0xa2b089e2e6b4fed39eb097d681b686e0eca929d94fa933b509dc0712d3fe87a5c0eabc9a1066d0262a20d71ffa99d90a
5,5,123843,199924576,4,0,32202078585,32002154009,0x73cf13dbf6526a6147a55de43d054ec2ac32ff52,0x87e14daced617f2748b372f755936b2445e899a2852399217aa2c3c900d4e00eea7014a832323a37f288836bd5a5103b
6,6,123563,197306528,3,0,32205657948,32008351420,0x68ab3ef8d21d20e99282f616c5df54102720a023,0xb756a958c1b781b367f7f4d38c44b6f5194f98074d074936ccca6b7a516485f6070bdad0698057c5ddac2579b70f25fd
7,7,123494,194634031,3,0,32200218968,32005584937,0x34a708f8f8f2aca1a92509beceb22e5f028e1462,0x83f9cf6d5925dd70c7fd333e01f2cc57c440fa1ed40eccab157989af762bb2d71f9b2c773df4dbfa7a0293a81632c822
8,8,121563,194521048,1,0,32240653511,32046132463,0xb4c6b0bbb950be7d08fe577915c9d40df43557be,0xa9d1c148fcbaf75c5e1f52ea95dafa2d26da9fae57663d88cfd1d0c06b4044e77fa12a766eac234b19b50a1197d916f9
9,9,123363,191608580,2,0,32197831102,32006222522,0x3fbccb0def24f07bb5c5d3391c9bf775e0578a4f,0x93315f26c44b55ba63d27bfed727883c70e6870c975baa9270dc3fb0c50191f27fad5b8ada8644f9e1cfaba2c7e76820
10,10,123053,191255786,4,0,32195340597,32004084811,0x0c02d5c64f40fcfe10bf65ee900598b6bf9f8ded,0xa7350a558c63bb00d34f188d4ef69fac8fabd710eaa4652878159312ce86e05f6f94f6b2d2fc7a9acb8eb8193d7c13fe
11,11,123230,191108347,1,0,32197936167,32006827820,0xd5368ae7e579d6f589b6f59ca12e335a6dfb0001,0xa77b213084283760713e5fb831b129385f972dd60e3e2b8395913898955bfc7cb96c3b5daabe58444ae276d613c33b18
12,12,123932,188952093,1,0,32190529021,32001576928,0x7d155c66a91f8ee57845ed33641bedbe59ba391d,0xa59ce692c1f33b86b62d2076faa8c023715f2704a57233d5c77f7197dd6bae94a24348801e506523343733275951cda2
13,13,123802,188733654,1,0,32191156908,32002423254,0x9ac6ff47ea5a6a30be211ccbb4b8c488f74de778,0x882749070a2b60fd08b5156268fccf9f0d7c4bc82781e10f02b5ee2e02c4b289a2b626e1310612616ddb182b61058d91
14,14,123105,188475201,1,0,32196095440,32007620239,0x76ecb9a5e88a52c11fb5c6d005de2a4af717fcca,0xa190dc87743d6aa333b673e567f18caa431355529bc161e6926c5656e757e0fa3aadc83835783429635c3ba8eb23de18
15,15,123566,188307098,1,0,32196659792,32008352694,0x754e40ba838ca7925f78b0fb46a399eaf1c6b982,0x8b4eee5f65598f2b99efce2396e330048841b6542260d103879a8dc857578c976fc72808905a4f58fe00081eb9c60130
16,16,123808,181346891,1,0,32183674639,32002327748,0x8a5a986d11dfd812c88b8f131bbafe306b478969,0x951f559e747f2dc9cf2148e50f3acb198c69d2a465dc90f11c876131b2d6836c9b3bfd895c85b1ca75c65fb97c389a55
17,17,123384,145739994,5,0,32160014479,32014274485,0x57e7fc26ac6a3d7daa72242243dfcdb3c910c5fb,0x8c7add41a14e5467ba1af40d33398e71c089e50ce56ed400141eab4a54647a35e8067e1df422347b676af86bbd0d7406
18,18,123560,143753645,10,0,32148922680,32005169035,0xbdc3b1550be3db6197627b637da2e2f7b2f198f4,0xb904f3bef723a63a2717994e5fe3655ff2730df9a659aa566957add0f09c32b9f9cd5b0d600e91815363505a4e04ede1
19,19,123945,143553782,6,0,32145025708,32001471926,0x2677761b0edf2019029f580431a5f0d76dab5058,0xb901e8c0e379b61df80dfd37f7ca35d98e80413da8eb5bf288d4a4ae8075f1e639d688cabac92f0bb83681e054ff3640
20,20,123551,142839256,4,0,32148141441,32005302185,0x1bd461fbc9559a689803cd8374a054c3a041c7d0,0x8dc0f1541cc226a2fa679d8f6981ee66ff702f98c441efef4761a17312780e5ff561c29e316188eee5392257b26b5467
21,21,123455,142255727,3,0,32148042295,32005786568,0x7e78228ecad2b14bec742af5507f102116d23e87,0xa07024df774d3ed5e8ce2d4ec0e05907b624204efbe3212cd7c3d2dec6ee0afdf9dfe5d0abb3337d3a1ea9615e55f8ea
22,22,123086,141303132,6,0,32148940483,32007637351,0x3ac904cb96e1cef6a10762b5e82fdbb60696b0ec,0x884376c896da9ae004875766e2bdd7e656badd2fcb3c9cccac2fca77b7cfd0a50effacdabbb67c191efe119101fee796
23,24,123658,140771592,5,0,32145405769,32004634177,0xf568262449a9405b9d7cd223d3a56db9b534be38,0x938cdffdd99f0ac0fb0b8a9c9d3d045857110456ca36e348fdcf49715a709d8a8b38807e1b2e9de78fce5f60a3cd7a5c
24,25,123060,140645811,5,0,32148501699,32007855888,0x9af8c16a29af0b8a7caf139b1e5e14c387579742,0xa8e7f4829ff479baf77d1d1b4206d45cd85fcafbffcda823309e591a7474d9fa2306af59c45a7964ea19fc4150663fe0
25,26,123977,140413641,5,36,32140413641,32000000000,0x3f24876db2d2a8ede45de2cf542ca14bf8ba0c10,0x8fe5941d3c3b704c50d10cb8c4962ba980bb833c8bcaf4468ae37499fbb95bc6b150b8a9c049592223fc154d586d73b3
26,27,123351,140198296,4,0,32146530563,32006332267,0x0be332a7a67561785872f0c602bdc991d0331ccc,0xa573f6bef657f26de59f6ba0e6e25c7bfa7712ab655aba9d54567d007bd7e11a68038c527aef453eebe424daa84a34d1
27,28,105621,140050197,5,0,64348455425,64208405228,0x1ef0ae72a8a1be143055416a1f41112e0d60ebbc,0x96a3462fc1ebcd32a6ee2d1644a3a18f155f33576723e5ffbe6ba6ae65c681e806dfbdc842ffe0cbd2de6a4fef681793
28,29,123782,140034563,3,0,32143883725,32003849162,0xadffcbbab807cb7e04331fe65c2d7486caed8025,0xa4abff60367e6b06922707651d693da7ca7d42b3975c944418860371c2498cf3f7ee20e54b28edc7e8f054ca38950c7c
29,30,123533,138292870,3,0,32143718517,32005425647,0xa627aa20485342ca16960fd1f77c547801f7f763,0xa30f03ae5e900a68bdf2938bde80e606aab9edf10024bacab4564aa7fe1690851c51251f4b8ec7bf6bf5bf2aa4508784
30,31,123383,137746712,3,0,32143830292,32006083580,0x8b667c6dd17df4614a9777298b2f95518673ad4d,0xadd22870c7731e7a4b900374c0128576313a18ae3d46252e1a062c178f13a9babba3736542309fe090d67d0181002841
31,32,123976,137713030,3,35,32137713030,32000000000,0x91addc72b2f6ec5fb33948a279d39b63b135bc0e,0xa52f2bd24d3ca023f3bb187e2790c6ee803fde51b243dec6fe426f63836d9dcd58da828dde1a1b633ec592a94ec65cef
32,33,123900,137676211,4,0,32139437607,32001761396,0x7fbed642b42830104533b6851be1b010ff8dbe96,0xab09abfbd3d7ef40ceb29b118d7d3e94a332cd4d3b26139a0688244ad66061363c039ba29a88748683972cacbc518e61
33,34,123081,137565662,4,0,32145287507,32007721845,0xd974c75f228390090080801675b258c043032a46,0xa2ef2f9332c9a7e9d260b7130a2f0eacc1e2af7ef0729730caa0e5400449e860c7fefa20f85ae48051d2346a876171ad
34,35,123055,136970126,2,0,32144655316,32007685190,0x5b5b4d4f3eff0f72518de4d34864370d605d084e,0xa183028e33e033faf4d6e7eec3c6797711a68b39d45182c662d9c85e4b7b70bd09ffdf450314226d8c444fad0e1831da
35,37,123472,136397798,2,0,32141922665,32005524867,0x3d326bac04b67cd9f12ca40035bd2a770417e572,0x92bb000c94dc3d08249a191aa71d10d0eb52c10e045e5ad53bb8dfb981a3c567367af0c81da251c0c3f4a323f68f4dc2
36,38,124044,136380726,5,164,32136380726,32000000000,0x573b2c5d03a5d6436cb058f9b4abcf7bc3fee55f,0x96d77e9030d3252d277530ed2fab6236735c3b4f152bef823feaa4ff1f29d561288dac91a3183a176198f0caa714d77e
37,39,123627,136316414,5,0,32144767715,32008451301,0x70b4e030b2ffbc1c44c7ee1bee17b26d34b167a3,0x99e9e05aaa057cdefc850443c7d04a02c1e095551d005328085e5b6a5b7b86a8c543da6e4c3c9ff537955efb3f234195
38,42,123575,135941646,4,0,32141035853,32005094207,0x6cfa9e52be1f4a3b473f54978a886aa7d06df936,0x972668fbffaf156189421d08e531fd98c576bb45cb4e01fc1259ea753439ee2b1695ed1305d56b02dac6227228d3b152
39,43,123564,135796191,4,0,32140989864,32005193673,0xb8db2748674511b86c05467909f46318b4e16f7b,0x840ea8d220d226f49fb1c293a7b68fa0578afb76ecaf13d9958364445859654028df3909b4e19fee669d79a2dae2c04a
40,44,123054,135751691,4,0,32148704552,32012952861,0x6993aff5aadf101de3ca2076b8ca19d8784ec9ce,0x81f00c04979105fa324ad9b4e10b74e57e4685bb41982f9d414071016a03801d44427884998ab1a57914e0c576a83944
41,45,123891,135502181,2,0,32137336258,32001834077,0x3f6e64cabfc18106c3ca38bbd026180da1ef4969,0xb38c5dad3d7d8d1fdf62aee88f2e1cec8fff61747f0fde5c183dc2797bd4b69ebbf18f16f4a5ed81d9e70a7090972d47
42,46,123662,135314494,3,0,32139911849,32004597355,0xf8ced29d9fe13ae851c31b298aec88eba0d89ede,0x901d47a0af88522f0d4253d100e77494b693f1ec50b52c76bd01d42e91a5cf742e704f65421695b9c4be497bc8847434
43,47,123285,135181761,4,0,32138930432,32003748671,0xd20db470d6fb6f31c7d8cb7f68f31bc9883a907a,0xb35d49c133fb1058e4d2dbab5469927139a3cdd9d87fa62ba629a0636bf74c8217e8a904d0a67217d4a20b2f042d6064
44,48,123361,135070975,3,0,32141292411,32006221436,0x6501969cd31b4a44aedf2c35793e6d1f5d8b3d45,0xb07c81757b85568536683b80792a1312b0df74880adbcdc097e482ae70ecedd98de06f43e15c9f3179e460c15f8dcfe8
45,49,123640,134966276,5,0,32139699497,32004733221,0xfa47787a63d326d7919b3773f4c32930ba1440d6,0x80d5890a0e71ca05e4a3efd002283ff2ced86ac6b9e38a15a34eadd965961d01b65da5663ccc2956baaef8aaa620161a
46,50,123967,134960967,4,0,32136331028,32001370061,0x403d8b5465b192077b05836209fc298ec0eeeefb,0x96057e4a9bcb7b396f8abf0b3acc59b78a7c3b524b1255951ab9b8e2a726bec849f743f05f720a55a741cfe89416fc2c
47,51,123088,134939146,2,0,32142667635,32007728489,0x54d00e358085df08e664a009b37c6a13a36b26c2,0xa9ae5dc288c84e19b67d21b7f9f1ff23d2e4af986abe0afd4cdaf279f09d020e702553d6888a2beff77fba8e9d2cf238
48,53,123489,134787504,4,0,32140327948,32005540444,0x675152957f05e44f52de58186817defb693dcd66,0xadeca417ecf59d72e3269829e85f2fd480c909414db5a6531107569dec0ac9107a94283236393542c8b61e5b593f6b2b
49,54,123661,134703930,3,0,32139349741,32004645811,0x08af585321f23e7bd8f617586fc9a6a1212a2e4b,0xb8eb6854971c231380c9e154e7f1914b1361ba0bb52846604d19dd01d872e3b19a204c7456392b5e2e06a57739583793
50,55,123830,134646422,3,0,32136886982,32002240560,0x76c85df39405937be6fe8ac1e44b3ef4ac2b631a,0xadfab34040d744af1eac6ed4489a43bc1438f2a53ded3c239469436047cba3e1d109229527c0a6da188ad02edc4d6110
51,56,123597,134586511,3,0,32139547984,32004961473,0x63097a64432ac3b86f0a7dc81cb93333c05252d9,0xaf3f2388f2bc9b096e8b204abef6d5d07de5198b57263f0334cc8aee6d3d3e2a62a5de57322545f13b6c37d2ff4dd2e1
52,57,123336,134578988,2,0,32140783781,32006204793,0xbb4aff5d6b60847c7396992a94ecc9a814de46e1,0x89d6132f762d66b6e7106b6372f0df470070e07165363a9ff1d22f38c2ffa72343f274471b83507294702cb0c1ef770c
53,58,123064,134562846,2,0,32142308037,32007745191,0x86ee3249b87edb65aa1ebd808a7e451d6ddff6bd,0xad345f9880e868d88822fc3cf67e24c21e9328e09f55bd9d376d8fcacbb44b6d9f9b036a115bd4c6a53dfad2c4c1bcbd
54,60,123720,134384967,2,0,32138642978,32004258011,0xc407d40ae029ad0b3471b52aaf48ee735810328e,0x82bc47446b98e1e1a6cde460e5b1188176ab81d99f63d37f8cb5c3309ad683ad1f71650ca2af9b06361bc741847f2cb5
55,61,123476,134296440,3,0,32139919825,32005623385,0xd80d8eefd181f2bc79288c4eafd405257f2d83b9,0x8abcbf044a74cd54a3b909ee74b036b303f7ac26546cc4b23f3b4561e4d8cb821372f95e85c084a0e8db6e493b0e8fb7
56,62,105619,134286740,5,0,64349989026,64215702286,0xa7cc52b7598c43cf56ef34fbd477a333edcc8238,0x89c1f68dca7ae3647f738537061891fafc1d742a03a8ca26572e5176eb71316602c3a1d1fbd2d4f105e9329853f646ca
57,63,123865,134253641,3,0,32136276090,32002022449,0xcbeb63cb5a57d4c2914ffb23f76ce9c96f103167,0xb340de47d1493bc9073dff52f3c57a7be3d433bbb4ef17310a9cef993af0d0aadede16663cc76aa9e12ce3ebe076e3a7
58,64,123514,134245539,3,0,32139792471,32005546932,0xfb53b5da2858b8012f3450b26899b4f804bf9a17,0x897ac513e5bb7c2dc2bdc8b3503b0457bc8212f80b191629fdc5f262ca94eb58e79811e4214a3a6823917d7b75d0c732
59,65,123098,134236672,3,0,32141891945,32007655273,0xa1005c2f57b6a22b56b1b76bff4f67d7468ba035,0x88c7d4ad279cc03ceb0ea782a0830b69ef9be7e7bd5198637ed9ffe2b649128996eb5437c753f41f1eb292df7f0a284d
60,67,123740,133892869,2,0,32138046066,32004153197,0x641b7545b152730b1e42050e1d4eefbcd80a416c,0xad48790ee949dca10bbdced3d70e9871178f33dcdb3a210899f36b8068419dcbb7dec60c7631a05f884ec7af8dffce33
61,68,123096,133529669,1,0,32141042958,32007513289,0x0b36ea414dd859d0edb24bea04b3d5b17ba19338,0xa8f854c376267465cada054239d935e5b58143cc89a721de30aec1fd5e5342856887404e3e5e9c50830842b2475823dd
62,69,123253,133519848,3,0,32136467106,32002947258,0xd9d9c4924dad181b5ed93e0e9850c21435e9e0a3,0x846831df398b351d63e7286aba6bba50dfd623b6aced0f78ead5bbd39c6d2d9ed88b299ac42861f855a61b62ffc571ea
63,70,123979,133477378,3,36,32133477378,32000000000,0xc7684d9e7a2cfda82b6bc42afc19ee502609d00b,0x8cb940d45ce0536c4420c69dda2318693ea2c83b79239a9f13aa8b33ede6d8e4a1c66f7bf68a67bf2a165571808069a2
64,71,123481,133402043,4,0,32138814504,32005412461,0x2d06ad28c0306a316e25bd13d9c9ec2d793d8eda,0x88d11e7695d9bf20ced6fe1b3e0704903a3c8d7eb52d83d758d51964073d907755d89b85c56f59cd544e84452c7c0414
65,72,123293,133359270,3,0,32139852046,32006492776,0xf8d03584c30d2a9036c58e2bd3079f4bef98456f,0xb678c40511d03b56b33baf882676cd924aa1480c17e88fd02a9ffd7cc00930ee0fb7ed6bba519327d250c6667ed80f7a
66,73,123139,133325573,5,0,32140804912,32007479339,0x8f12676ed139f6ac1cca8e311f43208d3e5b3f14,0xa908e24bbb048a7183e02d9eed73c772f64b7dded5e0e108ab789c05ee54b2f97b06237bf38838088fff81e00c54b8cc
67,76,123042,132771152,2,0,32140797323,32008026171,0xdab42e4ecb6744fbb854248746c1ca81c4df289e,0xb24c98d383531128a801a3fa7c96d0f13a51c26192cde3b6d7fe5ccfb4c386e3c32a62c0893178a85050dc856b10d192
68,77,124020,132584594,3,46,32132584594,32000000000,0x24a8116b077631b489e6e8eb43a87420f152c79c,0xafa72f61c151daadf6b89d110b671e589e971d9b00c12d6f47771a0ec4158207c1fa01ce6ec44d60b8f44984980d6ee1
69,78,123613,132475124,2,0,32137434469,32004959345,0xa4f04a485f8560aa012beab69268a671c7592b94,0xa946a7d7b797ec2cb2fafb2c675159331f28a60d60ecc3145e3c635d59eae25e2766392d8ac8e0216a79174bb49d9d4b
70,79,123237,132359044,3,0,32139049528,32006690484,0xc53572496af3c7997dc2eb23f00e482a1e9fd965,0xa50972fcc7e2bd05aea78287a857874bb8387a06ca60e94fabc012531267dc4524b0bce7d6a24c977d3a684e90313fc9
71,82,124137,132171894,4,357,32132171894,32000000000,0xa09aacaf98ba261026d83f5c47d6ec543f128280,0x8d9f8e5dfb8a3c35a9adc348d4d59a387f4f2032052eaf6d87e2fbadb87f6c00a4868307ead433f2690c5b08e3cb84bc
72,83,123441,132108616,1,0,32131390176,31999281560,0x4006cb341763c02b716b65dee5eeb79728304bbb,0xa6c2f50d270e37910e3fafe1c8f55e15569f9b7b26fec18bda2f35129c6c0db4e2ef7303da512be94b9ed4e05420ddb8
73,84,123701,132070368,1,0,32136467223,32004396855,0x20751a65f848c1f308facc537777e6aa2d38bcf7,0xaeb802be27b9ed10d89dad1ea16900f25eb5e556b8228ee43d973491af594cff0e8762611b737da1136fa3a571549db5
74,85,123374,132052599,3,0,32138362144,32006309545,0x950e7d48cd02b068cbb5719c7de9c252d4b1c6c9,0xa8cd5e6ea8aaa7a1258fac6c28d0f64142f0c1e9134e7897751b1fce8437dc9a2532e624f2264ad0ea1f10cd008951f9
75,86,123541,132045624,4,0,32130288889,31998243265,0xd6f64a53ebdf4d35a5aa824adfc08aa6ec4970a5,0x86c140ffba0681da09da4bbe84611bfdc548ca7d71edec60a319b8f61cf7ba95ad8d51af5e81c3fb1921c7385c4f7670
76,87,123580,132032350,2,0,32137097353,32005065003,0x04e7ee585af66f41b346f81313488f77b30c2af3,0x9464f81a3275c85c2db5eb421cd1022a285350d79a3d7361d9c369ab6b539f59bb80ef4d0c6926135e49079e3b1b7067
77,88,123343,132013660,2,0,32138288412,32006274752,0x3962b5e5f6a46eb1404bc78631ac8ad127c4c348,0xa2953a630330f67562ac86fbb7e26bc8fab695257876d61ef8bcabfae2eb1385e66d4546dece20bb492f2f32675b4016
78,89,123097,132010503,3,0,32139619448,32007608945,0xb1255a45de1ba5755a2bd68e6725c14a2fc5b422,0x953e4cbe4a7c9e840ddac2a57a9b5c605f0cc97e08c35f78dce5bb8c81d059a7becdf3a6d01817a163705e6c9a43b673
79,90,123269,131943347,2,0,32135711759,32003768412,0x653a18182baacfb9360c292bac1978711bf5a3d1,0xb9f71b4f67149c691af2ab8cac7ac9a77e9070ca365bde2c62ce287fab3a32d9608ece8e9fc695b3f10a7bc5ae9275f4
80,91,124097,131937880,2,228,32131937880,32000000000,0x0cdd8368c02b465945af76d3e47ee7d48caeca4d,0xacfcf128879147cf91befda425619c040e0af9f9fe1a9a78c563926192d95744431ae80e869be077344eca5e455a4e47
81,92,123924,131904052,3,0,32133453761,32001549709,0xccff99c4bcf4129ba65b0b464bcc82d59eb003bc,0xa2e2fcbdd97d37a8f9318300fdef363727891da44f012a6ac8172b660b68cb015c9a50bb9eacd47123d6035921bbb6d7
82,93,123596,131877329,3,0,32136851025,32004973696,0xd529691c50719856b8b1c5f3d6b4af01afa4c958,0x86f4ff54a95e005dbace1425fe8bb9c5159fd4a3df6ac27cb9374492e541f8fa71ce52aeb54a5c0e04b92243814e6cab
83,95,123041,131836314,4,0,32139922014,32008085700,0x98ada00c2a47509bfc852c188a668a4ef25009e6,0x8878c5e396bf56c3949b7a6f43751910453df01244244747e9b2127f831da895bacaa312a8571ae52341910dc8d6b4de
84,96,123598,131834158,4,0,32136837309,32005003151,0x4043c76cd517b0de74d58fe782d67a56501162da,0x8d5a191a448f663338d03d867dd5bc519131cff6cd38fad7b80d604e1ecb6f0fb1756a44c9b68f20194ee0f1026e570d
85,97,123711,131799629,2,0,32136135023,32004335394,0x57665202b06202e575cd77a2428fcf039846f1b6,0x931e44d86cfd67605850e3cec5b1cef9bbefe62cba6b8597fe2492ebf691415d5dc2291d3f959d3a60a2cb1a5a13e901
86,98,118511,131796046,2,0,64321658737,64189862691,0x6d7abf9052a3e77ec751b4191f4ed1d626a48711,0x9492daf573ae9220e88201327e9a28dd0f28e04e8906b67fbb28948d89ec64f2f0f63d7ae903ce1c4737a80a4e278e44
87,99,123983,131794083,2,37,32131794083,32000000000,0x6232b35fb127130f229d85e0ce0d2f0c7630d159,0x83efd03ecd4bcbffd668bb52c62fa15aa8785dc13448ffec0e4c2bc277a7a899dd1661cb64ee1ffe7601e6019d0f9152
88,100,123769,131764624,4,0,32135776611,32004011987,0xbcc4fa11c813eb6654aad7782c07086c6d40ba18,0x873a8c768a7135772ee19146df2256be643bed3843cf83c34a62b791003502ee5733463389ef3869a742fa729eb66d3c
89,102,123742,131730040,3,0,32135923370,32004193330,0xc4462fa62486c716269d9a8c9fcde56bce1dab34,0xb6d3480244f742389fbd5bb4b65352a6429d45a71f8c23dfece52f16a454bd431d5a76bae06a26d4bb96c2727f0076a1
90,103,123651,131717356,3,0,32133820756,32002103400,0x77b2c7e5ae22dec21f03869737ebf3d6dd350ba9,0x8f916f0d2d33ecc6a3fc2fea0fb532b91cbcd2e6c45d8ca0776f2074c2d62c7789cc7c205737a15507382516d7d407de
91,104,123529,131687903,2,0,32136979001,32005291098,0xd8f9b6bae3a9140be9ee4aaf099e3b3c6993b2c9,0xaf51095644849dd396971cb8634fd50975a620ec9fc9c608d5599b7d0d4e5ae3f270e1b5dea7adc520c148900c6a4f94
92,106,123498,131636065,3,0,32137229914,32005593849,0xd9b003148027bf7e1729448931a92f3e9e8edbf2,0x8f976bbe3bc4deb9464775c6c186ac58c17473c9c86423962dbcfd55166629c0140c892e3a0084f4428c70f47a0bfe60
93,107,123906,131616452,3,0,32133321614,32001705162,0x14838e7d89c74448b76c3041142f1004f333ba6a,0xa98b4e248a94663f0113cb3435b0d4c3329c502c89d7f8d3a7a58be843771e1621be3d2bc425f15eb035f21901d1b8c0
94,108,123327,131608443,3,0,32138076523,32006468080,0xb28dc5135a76a062382444ef1457954d99241fdf,0x85499177f6bafd0bcb9c6562787dd8938004b1802f133ed3d1c1fa908131b534f2e92e1b62b9633de721df4901d4000c
95,109,123905,131569694,2,0,32133365865,32001796171,0x4cfde44716fbd4a357f3b3ac4be756aae52920a2,0x96f5da81c9cc4f2fe9f4574453b4659fff82d343779f731009f89d674edbae01e4db0cfc0266d63065a0f4e566b9654a
96,111,123861,131544204,2,0,32133608767,32002064563,0x866de382f837e7f3b4a42440ce1a396a88407c46,0x9301dc5ac77696874d1005fed2c5d640fb6d80988fbb13cb1f00b5b5f116fc7ace2c7dbfdfc327a484f7d065474418f3
97,112,123765,131506862,6,0,32135532684,32004025822,0xf20b596b8276eefea9fcd81556de0508ba7a0e10,0x95fd6308c7600ed14e351dea9944ea8c3762957da54c5443d7e751d39b31c34626d58e463cdbcee0051a9ce7c6c7ca05
98,113,123465,131435242,2,0,32137142414,32005707172,0x59ff430222fd3fd428a001fad3d7b1fc5c0b0e24,0x89719e81c9aaadf05a7b348e8405d9212aa9f15508a15ed3a3e26caa8532dbbc584abe312564dafd258d07388f05098a
99,114,123759,131408371,5,0,32135491259,32004082888,0x9f2129b00a76bdfd5c08f20f099fb7868a01511b,0xb6dff5506e9f0a2c5e712581e99f6cd967a7dee8c13a19ae5877fd793eb95c8c44840429c612f3cc4aeb55aa39a7845a
100,115,123799,131313803,4,0,32133759422,32002445619,0x2c8bb4f561597b47f0e2e53cbe45192fe953ddcb,0x8432ab8468dd7c3710cc156aaaa68e219921f9dad0bc803fcecbd43f21a931ece2b78e766eb15a8ed90dfeb0f8d75169
101,116,123746,131251440,3,0,32135416616,32004165176,0x70bc881d6bfcb321f6f393106d1c37ed0ad35333,0x80f25e9d15bb5875c308eb939a815f1d48cc357b56b4b802c4407a4665c87b56eee54df8881c95acaa3f890ea050a1cd
102,117,123679,131203252,1,0,32135708959,32004505707,0xd84d55b9a1875dc5929bf540b0738014c4439391,0x92ba636248059bf7e7ae98cfce80dd7252e625d16187f080c71fec23787bd6762e83b5182d585882a1abab89cde774ae
103,118,123611,131139687,2,0,32136050077,32004910390,0xdec6620e6ecc221910ad158c703f3bd4e04cf6a6,0x98313dd0fa35df5a2bf869a928dfec291c8b27474786a4737a0b5c6818990eb2a5af19c7a5b681440de9576c742e8018
104,119,123570,131066230,2,0,32136172468,32005106238,0xaf80e88b0d1fd57440ba51cb48e5e5329428b785,0xb79023985a5f714dd3a6e29fbca27d5ae38ba7fa0e8366055ae8b41247a63ba24972d2d18bef0bac8c3f21b62a191968
105,120,123216,131043374,4,0,32137969326,32006925952,0x227b493dbe2ec037c4644079672270e3060aa064,0xb1117d026cac72f75f82f949c4f11896f9b7b622438d50eb0c3a5ebe604f02efd9b5eca06e4e9d2c5419a5d7f542a342
106,121,123698,131033059,2,0,32130223629,31999190570,0xce5d80bb4fa220438bef78a8334f4808b500a81c,0xaf6b5683c0164237f7f7efd95624a83df6bba996bf537516643a8bb856455a53091b3f2606525a3659a4c005fc5ccc37
107,122,123974,131018221,4,35,32131018221,32000000000,0x07e027883b4f5f126a4d87f037a5ae2ecff73dda,0x8775049ca80912ec1f1a8527fa0a0993a5022b9f22c5f2ec33b854fa38837524aef2c105e11e36d8479bf9c70a7d4d70
108,124,123995,130874107,3,40,32130874107,32000000000,0x5fb7e9f38011fa3b80c0b3a9fce835c2f749c025,0xb3142da2cb79c0c50c65234ffc243a08f09b79122fd215324671fe3fe58537b2dbf7c97b4c93cc68aae9b0d6b085f547
109,125,123615,130805326,1,0,32135729863,32004924537,0xc66d8caa717e86954f2081db0c325d8de432f2d3,0xa2f7b591132e67cee50b602929906922a4948547fcaaefeae8b323d48b7b8ca9d3bf4cfc94bd1ffbe60cd8855bdefd94
110,126,103871,130759591,4,0,64345562444,64214802853,0xf616959cfc26d7d734c28f4437d5b4d25af13b2e,0xa7ce902b5a7fe9a6ce80b9f15bf69116cc6d9fd6d1996214b8aaceebf53828f1c926fd9e9ac246077757ad848b2077b3
111,127,124041,130707153,1,52,32130707153,32000000000,0x3c683d3547763ef6971b27c743187a39507b7113,0xb8c75e4f284c94bdc4f6449441afbd12943c3cb6afc947e10225254f5c9e51eecb73ebd799104e68e76a437c55fdefdb
112,128,106469,130529759,4,0,64318432078,64187902319,0xd28a4e1cd5d23ee10da8b7b0f9c812694dde50ef,0x91e1149ff3b1054b5bfad5865fd39f2c093da249583964bb205a1d0383d1c833b7ce26b70cbd39425284cf64f9ac98f8
113,129,123987,130503768,3,38,32130503768,32000000000,0x818b317357353dc58a85dda8b0028d1b4b5ba3f2,0xa2ca305af225b2fc0d7ec682dd1b2f887b5df8f61865a3386c671c750408ab1c379ec059e88d44a4b1d9c3e88d9edb5f
114,130,123856,130394674,2,0,32132397283,32002002609,0x6dc0c5f31598f39b370f1bcbde3ec1a03c2bb420,0x9956b46d9f23bed4e8fbeeb08824aebfe5b0bf363922b2a645335699280a2e4c822b320b4e76f6a1fb94055be786491d
115,131,123219,130366404,3,0,32137296667,32006930263,0x3049cca578cce897b37c12ba26f149654c27cc31,0xb282be4fee995bcb3dcf27d2fc244e16ed3937637cf2cdbb71cebbbf2f57a1051d3d18146508d65ef6fd3ac2ca546343
116,132,123308,130349285,2,0,32140155349,32009806064,0x08f51268b26a7f64d5e72e2c1f391ac2c526d836,0x980aa96971d487843ff9d171e813a9d13c913cfe8c1c266ae1be103e98d92d59578434402ff8dbb3b706078eeea4552d
117,133,123398,130316765,4,0,32129759776,31999443011,0xc9de6550600624faccf1c60e3bc75b88162db4e5,0x82784fd1d2b05f1b509828729cbb3c1093c53bacf4a685ae79cbc5bb18416e17ef3f992349cd405dad64117875c6274d
118,134,123794,130000109,3,0,32132519725,32002519616,0x0477de2680e46af4278950f303291b0ab4a1e9e8,0x89ba37035f811f54ef1181fef49d2834740b7382e6b84ed089491f4bb7f89ddde19df7c0a398af423007f847aadd9eac
119,135,123244,129947481,3,0,32136593665,32006646184,0x3355091b26ced0080b412156aa6b40221215ac6d,0xac4e2ceebe1fd496ce800202f86d5d61d21dbcd62609bcec38ac8f8d427c05d0f90da774fc817685cc4eb2d0a13f0293
120,136,123579,129916629,2,0,32134944749,32005028120,0xdb945e85674f72571a455bc6a0190200717415fd,0x83b9175b98682d252fe8aa2cc604becbc4b70642f819c73a2347a3c8d10c0b3afd3764556441966961e1235318dece42
121,137,124099,129916475,3,229,32129916475,32000000000,0x832b9c76d81ab1f6bb8f967f394d39fdb5c12a58,0xb6b479e119d8a2678e88282d4e08f0b298a6d4d0952b4507c552c3a633b80478022de0bc9d8e7d19f035829e7a0ac374
122,138,123179,129880966,3,0,32136933873,32007052907,0x0fc7f2b309328529b2510ecfe2e903e75b2a6d51,0x8b47bae187682990b2e4229515025a03c0663ed559e3e27c7e2d304e14e05a958aeb356a8017f157f8e7a1aff6c7babe
123,139,123576,129756948,2,0,32134684693,32004927745,0xb9b3dab26083321567cbe18a73b257854f10b187,0x877a24a071ff59b58519a2921041227228d4eac6312343f811e05eab2d442c29d54ed509db41b22708ea2ffd5899436c
124,140,123743,129634639,1,0,32133811381,32004176742,0x7838103c2275e4dae2fa030d3f2613fe0c5418a9,0x8e74c790de1f85d5e6c439c0b8222468e6b1186e44d3cdb193b8f4c0db5eb7f09d574c258a8be104c6366011b61fb780
125,142,123565,129379255,2,0,32134473115,32005093860,0x6033ef3c85aa8d095bb856527120d6caf5a9c5af,0xb768eaf018ba03e79de74f1c0da0bc60000792acd28609ed981d1c8d3efee4c9d3c38ec6847e273708ccc90b41ca1324
126,143,124010,129376399,2,44,32129376399,32000000000,0x336e5ddb7215ff68b32a07a5e10995ce653a111e,0x8c21801012bdbb5bec5cfbe91d5ad5cc74c63c139c234d8cee8225865b63e83f8f2e74bf1c49996a926aaf28d25ab83a
127,146,123745,129241192,2,0,32136548165,32007306973,0xc9322fde3436394ea2bbbddaba03afdfbe175ecf,0x813d4228531e6df934fec68ec093c173c5a2887cebc4ace8a12163245d5f98cd1a7bff82c0c2c271d57888e3a06d3836
128,147,123858,129172607,1,0,32131268248,32002095641,0x4ade5515303d36758b41540334410301f9e4b4b6,0x8423f9f392063308d831acbb7ec7266093b8f1bca4968ed1de2dd4641b770a18d0479a6560c49899f8e349ddb30dee27
129,148,123365,129163336,2,0,32135255962,32006092626,0x857646e21dd61f3f92cd95a34841ee3d81bb7098,0x96bc58e02c90e2e42250677e5b459d39f3c9aaa149745a3b2e74eeaa57e56b5ded409f7ff897521b4801b8e98777147c
130,149,121656,129153468,2,0,32156331594,32027178126,0xc1ead339e1a6cc81d90b533832d8c66a6cb50a6f,0xa23a279fa5d4972edd6f0e0bd2432ba19b02d9690685e667934759ead4edf395a31ad2e8de8ee60769e496595c95be01
131,150,123323,129144659,2,0,32135600168,32006455509,0xf2667438a7bcec847ac58c4ca6fcfc68c152cad0,0x889991f0abe57d061a9020e85525549e442dea3497b4d8242fb92a25fdc4eb20525b211ab69945201d4b90f588fdff55
132,151,123766,129144518,2,0,32136202886,32007058368,0x2aad121c29e8f7a75fa1dccd9d43e4ffb00bccf1,0xa53d5f577234bf6e13df4e8ca965961a71d2c2dbad4071f59cfb4b26479c8ef07fb7eb2f30cbde51860e85adf19afde9
133,152,123234,129126579,2,0,32135761408,32006634829,0x6839a80a8f8b4f098f36599ab1eb794a31044a10,0x8d8f8c90885f328993dc7eb03ce2818d7f7ecfa3b23100f83558c4adbe0e92fa81c0e044c5711d93a0983f10d92a9678
134,153,123419,129099476,2,0,32135069243,32005969767,0xc7ceadf13f345e914036cca9849e1f99ed329f0d,0x936fd223bbdc8c367af9854cdff2767cd5abf56a0c0247ac61e30b19becaf5f740a6c063054345ba14ebc7bbdae0da3a
135,154,123798,129080449,1,0,32131633340,32002552891,0x5ef44516ca909b70457c483a3e0efa9e3e4e3d54,0x980d939f7d96a13791258dbdc7c080516d5f5917a7188c08f615f917aed7007f08fcce1f2f4aefe9dcacbffbf5442bde
136,155,123290,129070190,2,0,32135550350,32006480160,0x8686486f7505f63f61ddcd973a60938f3a1a61a8,0xb420da45f43c352c1c6fd9edaa6e2a8170c04e8f15e4b5fd1a6ad8bf833b5c28c5ad27830c6eb4de2a4c3173a9dbbd04
137,156,123712,129040228,2,0,32133343097,32004302869,0x84e5ec84cf151af780abaee6080dff64d5bf0fce,0xab0ea18dff6442b81335433c80b682f8ea41c4f43192e6333225ad11292d46ea676779dd783fb64ee85cb318b1c3d7dc
138,158,123227,129028658,1,0,32135895273,32006866615,0xb9c3f7db93c0569cfbe7656092ac76d0bdbb9e80,0x9802951c9304825faa18643c150c46c177a051121211a8ef94b8a4e14c1c1f63f08a8b2af4d21cf4cd1746e36f2ac917
139,160,123333,129020328,2,0,32135291732,32006271404,0x9a1cff839360f693d463993bb4593cbd241169ba,0xa4b29184cd58e241331fbd55f78359e649f1a5f3968fa313eb9d763f90e6fae6b00124e5643ef6fdcdaccc0d1eb26ea6
140,161,121591,129009315,4,0,32158205187,32029195872,0x68498b5bca2049133141e4e9583114b8f0b0189b,0x98e68eb34f71bf264294e8e4f5f650782d025ce0fc6d2100edb60dc56ebac4620a697e3cdad800e24a85e4896bead67a
141,162,123539,129009054,2,0,32134385230,32005376176,0xfbce5e1a72a0bb5f9de94e26a071f6cab322ea08,0xa11fc3e23c52d5798f6779b35e56c837574c4d06a98dc7f0fda568d13e90b373218c1e5363b792d05c64afc6f3001b63
142,163,123499,129001545,2,0,32134614659,32005613114,0xf90ba291fca4b527e5e8ac1d908f3f5f58dcab60,0xabf360c03e9621049e264c3a0b2ded05ad50eced12139ae7d2de0da4f94255dea6176ae937b44c4838579d2477e4f6b4
143,164,123516,128962304,1,0,32134410991,32005448687,0xfa95a508c3785fa6ff3440e24c8a6257c56cc7bb,0xa9c539360a4722905b4d0377327b4105ac2471a2dc323a0f68a738e910b9223edfc090793b7009267b5e60c54f88a0ad
144,166,123305,128942455,2,0,32135548679,32006606224,0xa11c41c194250a2f42c06421fbf8a5f107078214,0xa179b8d043b4b26933cd3d36b6988c9bc6d3fd8f871163a3bf8e2e6e436202f7dda2ffce535891a2d73878442c86c9cd
145,167,123586,128936865,2,0,32137613435,32008676570,0x733a683d1fe5e147da514d49aa25eb285683af5d,0x8116def6bfd136a1b9347e46be966373744a85c036a949cb68aa2c3d2306c6ca6b96dd03dd4cded85e9629351a440327
146,168,123911,128919461,2,0,32130693964,32001774503,0x6bb42be5bcfb866170e35dac9c5135940d951797,0xb6c16410699761a3fa90d7d23f475647733be7a937bbbd263fd57d9714c2b78c88a1a67f491a014e78896c904b89205d
147,169,123903,128912827,2,0,32133827662,32004914835,0xfd9dcaa7200c91d5f07bc23a89b5586acb9e07ae,0x91874db17dffcf0aea359ae3ca20e40acb8f91b7edb2751ec4e6039bb58a4377f9966de4957823f4768178d8ad1b1368
148,171,123817,128888448,1,0,32131268651,32002380203,0x8f756a83846c54ad75d445dbfe72fd76d27816db,0x9495c79116c7b93509be645d10e7a18ddc0d8584a6e6eb9eaf2f0b7465928427752f505e08ab9d82435fed8c04cd8048
149,172,123328,128884117,2,0,32135159311,32006275194,0x42daf6c38167707140ddd2546a2bbab127dc2a3a,0x8ba0992b0031f04faab2f076565fa34b1d996a9d6caa39fdd51dd004fe362940fee58e56ea70467f264f8eff92013baa
150,173,123500,128881225,2,0,32134373121,32005491896,0x79fd4f7ca658d4f00781401d6ec3ca8c4c2022cb,0x960a2f4a4f84bf1b1ad1dbd65260e51628f2e18dcf996078cd3244731f868b101565bb2194c64453573e2fcb1bd6c056
151,174,123346,128874315,1,0,32135302677,32006428362,0xa3d0baa8035cdea72e0dba2b5626bfa61c79f6a2,0xb6bcac1bc420301b796bb8c6f03e41267a59010f9798be4965eb69d401fcf57be14392dff548d1ede9068c91a7e73818
152,176,123608,128861332,2,0,32133797123,32004935791,0x635d5b96e3f71601f2abe961c249c04fe20a0de9,0x97e46465e57d1b48f355d9772303277f6024e3bdf21a489b155195605137bc9cdeef1cb2d32fdbb950e187a711fb59ea
153,177,123496,128854892,3,0,32134449191,32005594299,0x58020046d1dfeb7172709be7b24aed84b2c1d788,0xb4c6bbbcd57397ca9a0eacddccfe507ec9967cfcbf491c95ff9e1cd1c80d23a38bb8648a30f402de00051bba848548d4
154,178,123548,128851360,2,0,32134149431,32005298071,0x54d40daf4bde9f6333c7f88bf2ddb7cc34ecd265,0x8d3864ce2b4b9b58f92377aeaab8fc20f986b630ab4d99f2ab1a6227bda2a12247af6f6dc27a99cbf40455ba1dd83bdc
155,179,123821,128834991,1,0,32131200754,32002365763,0x89b9778050a1bee493fafc0f542c4d279cb56d7d,0x812f2ab7a650385b16b57c0d6d30fd8da735a01abc24b07d3d7ebc9f996e1720982e572edd56f349b1d3b9bde131fca1
156,180,123259,128821351,2,0,32132703129,32003881778,0xca4bee1aad704d261abab7c43c391673274da08b,0xaec09d43232201bb02d50cf418bd929d8d666604b6e172a080f583a23a0373acd00814736260d1fe14728c3e7bdf7e47
157,183,123301,128804685,1,0,32137991822,32009187137,0x0820473f7e10cbd726b377629fd8e529a8ea415b,0xb07ebeade19a7db56f7c6db5e15bd2583475fd962545d6ff7c85d4b2981f41006845a32bf9694b135a515b52bbec093c
158,185,123240,128772359,2,0,32132810824,32004038465,0x6fe09034941ac88126f416098b45917a0c9e3906,0xa3ee8c5bb41cc588fd5151421659f6422aa963b91f76c89c7bf44f1c504f4e9b80f23381544f25c14979a721834f23e8
159,188,123229,128762767,2,0,32135552715,32006789948,0x402c049b925dd377a7bb6eb81ec2ff936fea1313,0x92d2b6ff6d6160ae78acfd54490423f48bf9345dce1d104d9d063a33897137f970d6d95a18f9a85cbd62a4f5d95dd82c
160,189,105288,128745340,2,0,64306624956,64177879616,0xc0eb84422ea5691b29f99000a84bb18636e27471,0xac4512ff66041690d290659d10440ad492491c9645dd35201f8ccbac037b32d2545a9fd405b6260534dc09b5ef08e301
161,191,123338,128727403,1,0,32134982255,32006254852,0xa2fc67f739604b00aee17b4ab95285b92a38ffeb,0xa91557d129bb7f33e39e056a72474c5a6c3225cd009c0f2a96bd2e9f7aae517521343b8d4c2d55d5ec7d17ccf46e46e3
162,192,123752,128718792,2,0,32132846267,32004127475,0x0df7def76fe0b4f7d6e96cc68584c5d01e94d7c1,0xb84312ef768cddd74dd01904fde5ca8ed6bb34a428efc238ad1ab04f85eb530ab993b9d8e18630c5a9ea394db6e1e510
163,193,123248,128716646,4,0,32135479040,32006762394,0x9c10ddbfceb7093974c82917e911f507b9759dc4,0x8e4dd0cb0c74644c3f64a806427a9bd84359b11f44deb38b8eb814f538e34bffca7cf92c13f074a6a4acc731bf1072eb
164,194,123254,128713293,1,0,32135301697,32006588404,0x81f89804ee000ffc03b229deecfe9c443cd4b92c,0xb8ff5c6a5618acf1de0ab35c48ad715c79df1ceb8ad7dc48b754419950120e3152fee7f6414a21233a67953d4d0d55bc
165,195,123583,128710893,3,0,32133669003,32004958110,0x33ab831d5f5dcb71bae385bf4ac7d014e6e978d1,0xa66a08fb2cf419ffee4c08122341bc54c9ce4f23baa60aed49231ac6cfc7380b9367b2cb0a91b7c6fb7e2b3d9f657536
166,197,123814,128705814,2,0,32131083232,32002377418,0x3f77a8c6d02729953358dc60e802c776014b037d,0xa50669b07039871acdac60786712144370fa8ce3fda587e20538fe43f93eec36eee67b2c3c55dd2cfbad02a575295e34
167,198,123601,128698478,2,0,32125422422,31996723944,0x77a8e21f1c922205d08013203b1990c071c5c7a1,0xa9facd8102a1ce0acdb340f44569522a8df94d590b937951f9d1693dbd7672eb25b716db64b71df983049a29f7a330a4
168,199,123594,128695434,1,0,32133666281,32004970847,0x3771470cc1770d0a0f461944a483b59c27c72094,0xb767bd62a1cfdee2a61872ef48b6ccc9e7da01c9cbb4518cc5f57cbefabe2e5e29b807c2674362169abbf14090082c7a
169,203,123674,128631656,4,0,32130575693,32001944037,0x28cfbab332b343e6b68f80682056ea89fcb9879b,0x92afdb3397e1af1b2fbb50be8557cfe78f63363883f6a2be7dda126e631b481e8a3577d4fdb156ac8c13a9631bbe4d7f
170,204,123699,128598619,2,0,32133065081,32004466462,0xfa624c702be4e502410b2cabfc7a9a574e130f36,0x8ba69f7fd8902d0108c2b84d80b5cba09bf30cddd59e2ffa4ac5edc4a833e4bbbca566ac6e20e1bbe57962a8de5f8558
171,205,123957,128593037,1,0,32129972347,32001379310,0x424762bd0d1104b86be316ac6056b68cd0de0d4f,0x8284165019fe5b791ec402f1b2ede63791d4c1f72a18aa8c063f00f0fde328550772cd3804368ce7a09bc94fa8095d12
172,206,123807,128582628,2,0,32131027265,32002444637,0xb1ebe5d3382e3b7344a34a99915c326dda215bc4,0x8c8738ee7d409f51a23091edfbb58cdaa10879131c4e187590f6bafb1728caea46089f10f31d2b3b3487f2c874d972d3
173,209,123710,128529963,3,0,32142229167,32013699204,0x4a77d218b0034a1ecaedf7a068d2ac01630e5ebe,0xb81d9648f0001366b059c63a1be2c51f748cd29576fbcc8f7e3c6c3685bf304b43a796aa78f61f0b0b9b6122e3fd2974
174,211,123562,128521849,2,0,32133698610,32005176761,0xbe7bf77f2cf6d586e5f18af1e55f5049981d5245,0xa4a55ba3a9106fd6a317aa0f886523606f46f1808d1be346b68a20878844b681cf3f21808aed5aae762f8040eec05ddd
175,212,123267,128521787,3,0,32132258949,32003737162,0x865697d5c411f52c57f806bf20817ad644b0c6f1,0x893e7e52baa866271a065047367a015639039b4f1ce601286d508673ed7910e8847fa6268c06300605befbddcd9cff77
176,213,123226,128515178,3,0,32135350281,32006835103,0xae54ffb509b6d014d7f2f0c0e3f6aa47f6ff8dba,0x8c1dc03b78f3bca3a7d255c35af038087b19d38b11348780ff4c35bf2d56e428a4862c090a51cdf719163f53121b7ee5
177,214,123840,128490588,3,0,32130725902,32002235314,0xf69c1c534779305edbb5c101d76c8d41c1eb7d9b,0x87a399df808d2d9690843ca3f97f3ef676ad3bab156d37b271f00741350f39230343c1b9a432b8d3cf49b19f8ab66e7d
178,216,123109,128469161,2,0,32135936535,32007467374,0xc7dfb2ff8073be2008c734bc542556c5d7515d0e,0xa8114ea24675291009ad8ab641a254d5fb219607cd4ad593312d28a87b91aabdc3191df50a859c062a8f5e315e4d378f
179,217,123968,128457616,1,0,32129794890,32001337274,0x9b27f8bc1eaa7d8916e85cd5f73431ae32df33e4,0xadb7b8953049968e17723809a8f63e5197811a3035bc4ff1492115c87818ce128949b3f5e44e681d284b10b42a4e9546
180,219,123272,128423439,3,0,32132129534,32003706095,0x99c5ddc1ff33fe0c361e4f7be99b43032cf21f05,0x8b8b819938b71f86b95b5f8f3a288d61166a83b029915fe27582d24484a5c365110827940ac9635edbd5fa7e53c14554
181,220,123692,128398510,2,0,32130395097,32001996587,0x82bc34cba96782329692a82bc3ad36029c5fe9a9,0x874647bf6efe37330ddadf398d42efe89480c1f81b68fbedf9cd84d173c2a770de86aa94528dd0e135b859b6bf09cdc1
182,221,123485,128392765,2,0,32133950873,32005558108,0xbfefab110a22ec081a6406eb29c3b2491414a099,0xae8b82be58b47ddad2a9ce31b22fb117b73a0775ed736ca50d33b4daa05a4738ba5fbfaf9604d2c5ac16925608a74f9b
183,223,123273,128350830,2,0,32132041432,32003690602,0x91c151a1f30831d9622547580112621ee63d035b,0xb8b3cf569029c4e65a7de62946e9938aa463543e18f5572b984df29c943abc9fd992bf672dcc43f6eca3972f71711ecf
184,224,123524,128313660,2,0,32133662551,32005348891,0x2ba66ef8afb79ca39fe89607fd06b6c093010ab9,0xa3ec95df8bc2a13b1eb700a6d604bfd76af705f5b14b1849f0db5fee97e0e30c815a8fedcd6f4aedb81b8acb75089a86
185,225,121431,128312556,2,0,64142514579,64014202023,0xdf94c5c09514e01641fa73d03e3b927ce62bd93d,0xa258049f29c54a7f7e573a2d9595dd69d7c30c9f2e4778a5d79f46aefd0c8fc9da2884ba5d68d163f24f4a0d944f73e0
186,226,124095,128304606,4,228,32128304606,32000000000,0x7bd0ec5f106c4bacaa87038a2ed8805497585f7e,0x98eafabce3534083243ecc9a03b035a5b9e1e63cd9213b421a0996d82a451d04144a5660596f3e90bc57a0e23fd71370
187,227,123479,128304036,3,0,32133993414,32005689378,0xeaeda14da10fcf627145384d6508c9e75e2c7faa,0xac238dfb45967c0aa18b25c783777dacba68495f6d8a7edf21a794eb8d6991ed449899547013f6355e2fd1de5696eb26
188,228,123660,128303874,1,0,32132917915,32004614041,0x712032ee5b11effc0de4e2a71ec7fd04042d475d,0xaabfadaaa65d5e60c87e22546a0ac606559a78613bc2d579297285849adb85e1ed73f96785c43bbb9b27682f1e004b01
189,229,123607,128286615,3,0,32133252502,32004965887,0x02800b7e92d88cca61cfc9c2c3f59c3468c86c96,0x875a753578923bf56e43727f09059d5f25a32f9bfabe272ac0c8bda57749fe3a3b30844552df167f36976404f67298d7
190,230,123695,128284479,4,0,32130334472,32002049993,0xdfe34069619fb73ddf7b1541357a94abd0c8ede9,0xaec36189f444c1df630c0c821a7582c9619a421da1d771a0886e655aa77b75ceee526f77350a4c8e14e1224ab1f9d7f7
191,231,123684,128272911,3,0,32133434002,32005161091,0x0a10d8f085a01ec83a792ce0d357d6377f8605ea,0x8003ccbe7bac186853b6ba88b52a70f407f1c3f6dd7477f5b4c63ab9fa1fa9302679e009cb506443c4b98429c2d7259c
192,233,123629,128240419,1,0,32133061405,32004820986,0x33189e4bf66dcbb1318a0956585b229797894ccf,0x8a5059295eb96f7334efa2722178549356ad00f41393cdf5221babd641b9d9d642a9c227facaec16a592df648c638c9b
193,235,124060,128170663,2,168,32128170663,32000000000,0xb9a87b4ace81415239caf9187995815673e234e6,0x8143f97ec9ade2015dcf89a4458e38f245544790fae04eee9a363735fadfb25d7c6b7cc63030efd1849416b865e42ed9
194,238,123634,128011765,2,0,32132791725,32004779960,0x78f73a75c089790865e56d6811f6f9820d8c7715,0xa38d0d4c1e47876e3c8747d459e5c20219963270a4468de2c403763d66c325f519ab5d8218b17b5b78dabd46bc68d066
195,239,123616,127994715,3,0,32132832103,32004837388,0xf403172eeac76213f82a5f622d5858e3c8b6de81,0x8d9f1d71cf864a90ee8c4fa89e31fbbc2fbd12594be6e83bc4dca793608311f8fcf0646e4b43881b735bfb8eea7c47b8
196,241,123637,127955662,2,0,32132690620,32004734958,0x5560be15a269c748c4f2362f1889a5d7eba217e5,0xb5e3068806011d642a7680f60956bceaa97797f1d48a17c45d14164eef7377ec45e7d1730f33a50f0b70abe242fd4c44
197,242,123092,127925507,3,0,32135682491,32007756984,0xb8edd43a8d83ddc66d376323ad92891f67d60c93,0xa113097f14a3c8662bbd45fd02d0f3b2e363ae99e169fb64186fb93cd5ab08e72ccd0639cfe26b74d812a2e6ae215bb7
198,243,123851,127911501,2,0,32130057979,32002146478,0x624b1eada75758b08ed62171258ce83cf0b921ef,0x843a1326e2155712d4533b614e48b570e785c959632430c3e67efcd387babd203a7dfc9bec8272d20a1b03b7d194cbaf
199,244,106465,127872433,2,0,64306379604,64178507171,0x6af4e87b398c0986d81ccf59022bbeaaec2f5367,0x84317fcb8be3f3884cfa5c3eead72770347f705abc84ac0be89e41bc3f323a4975d9074d263d5ef6b493eba6a76fa0f9
200,245,124001,127854287,2,42,32127854287,32000000000,0x3b52091cb78e25e6f399b300cdb7cced4323ba0a,0xa2beabe776d2b01a4e8a53b217a5f6d9c7001c544396a94bb75abb47f72232bcdb2751da3a5d46d0229feae1b722e141
201,246,123605,127818450,4,0,32132703429,32004884979,0x1bae7de220f1b11a21bb681dcb320629887611f7,0x9030bef0f20530128dea92519c85a59c2800ca3db0413c934fe3a1536ca394f29f35b9bf9f2e991768cfad29714debe6
202,247,123547,127796506,3,0,32132980491,32005183985,0xff6657fb62d096e48df19d3fac645b3f250b73ba,0x920b575c34fdd0ebe30363b80100f5c24740197cd51d90fdd8060ffb1e89823b8beb9c286f3971da8292baf64468d299
203,249,123964,127753789,1,0,32129078209,32001324420,0x2c16c52580e36c394738f98e1624b13dee50b7d1,0xb0b4200e7c86f81295cf3287bab2574c3de02424f83b440e50aa8cb77fc877f869c8ff10c43a2ef4edf3480c04211ba3
204,250,107059,127701363,2,0,64364637045,64236935682,0xd901e65f93a31f1d4b41717e8f64c78a5ae62cd6,0xa096ba0c3793eedfd77833bcbbcfdc3786343b312577ac1c20a848859383c9f7fc58d3a2c9f466f2284b3542c63f3426
205,251,123588,127669989,1,0,32132668710,32004998721,0xdcd9b91e3446baaf3279561236ac903439e37a02,0xb5114562bdc90d18f0bcee2facdb44baca893eaa88cd67caa822dcf92de4843e74b249ca3cf730ba9cb5519951f4a10f
206,252,123908,127585249,2,0,32129336769,32001751520,0x7f6655b7ef3f6c2330f7ba5665ffada59422884b,0x85c720ec40abb7e861abddf343589ef97b6a366e9996437f7d3e13248b1f3838bd971b9757bc1fa7089a4a82a63164c9
207,253,123246,127522751,3,0,32134239680,32006716929,0xf3788f8c826c7f5d33673f78ff36455a73720c40,0x8fbe82e739a15469a1c49b05e433d7f3e1f884c3e7112de7e8f92618ae042f3756df06200316dc61aa8cd49d5920e959
208,254,124071,127518825,2,171,32127518825,32000000000,0xa004fdaad611ac8f02e38dddb446269a6d452895,0xa85028650ac5fcecdd9babb691f11a5df89186e5556373bdb99eddfddbca29ae8888677db628112aa2c92c410dc0fe0c
209,255,123050,127459585,2,0,32135448477,32007988892,0x294560acd8fe87bd5e4a0db5233b26dee871e2da,0x8ec5ee289b9d9c3ca2ca8eeec71a345117e4466b28bc3e826501aeab33ea3e867f327f11913d891427a562919e6853a7
210,256,124040,127399028,1,51,32127399028,32000000000,0x8fc668c95c1980e8d1a91734382e0b39204adaf5,0xb215cfa318ffdb7243fc23972cee8d79efd4547efe25f1acea5fd7e5823c71ff85f2164772023937a922ee741b00c4f4
211,258,124056,127379543,2,167,32127379543,32000000000,0x42da898851c82e8ee8243c12a4722fe8630fabb3,0xa52a37fdca65253d312367fa35120a3ea909d44deb2db4acff94d53740501520db6ac6bb0f4032b1d13b840962ef9ffc
212,259,106481,127349950,4,0,64313857946,64186507996,0xe0a93b4f92c85fce94c15f365459c5fbb15f35aa,0x8e1ecb0f66a3fc404b45b61a47ae023e0f56c1037ed4787d4b5c370b55dad1fa18cc5cfabe8bee470b2cfb44a77d6fa8
213,260,123352,127125135,2,0,32132935666,32005810531,0x293bf99c8a1018e71a82a9d53c689dea3115cb96,0xa7de9449462e1a0c7415c817fdb9e8d4ec223ec27dfb0c14b1c88395fb01f99898260d1f3391d41544cf8c353f795ddf
214,261,123647,127081807,1,0,32132601448,32005519641,0x6c5cc0d2876bdec116875fa1fa7f599bfc266d97,0xa69e9202440525876eb28df684762252b98c0ef4fd1364c74b3003504b5be8ac839678d09bd5807bd1db9021eeead9cf
215,262,123897,126997506,3,0,32125350665,31998353159,0xd926a891a3db92ba6f097074ce1ad4b3cde2a3a5,0xac454e290b28a2d03c38050ea61679ef711c7a06bfd2c00f9bee00e36345995a0c896d14f4372ce3d5b10d95b338e4d6
216,263,123972,126927363,2,34,32126927363,32000000000,0xd75dffc63e5f21a384d465b63cd213e54891d587,0xacbfa9f87e1912de91c7fdbeaeda0a87871f860d034d0655e26dbb0f77400568e313a06a0ec5248599da989510b6a4b1
217,265,123556,126876475,1,0,32124653825,31997777350,0xdee040d342d852d2285155ae76a0464a263e95e8,0x98e957e9db7c2e4be1dc72db255b81361bb8576bbad30f6d99230e015d591d83500ff6c24d960d81f52ee657cb373faf
218,267,124073,126825413,2,171,32126825413,32000000000,0x98a61b14844fc6c51d62ecd49d2fff793a37f4e9,0xb66b76c81318085ef8386ef8ea71a5ecb2594824d5a3d15f4802e4edef9874347703b08dc08a5cc1fa76353f1b30ec5f
219,269,123981,126758514,1,37,32126758514,32000000000,0xdf306adc310f0b496861f9e675e1d9152dd8c233,0xb479d8f9d1674add24c44c4540331a8b224966c73d93a7125339352f1690e38792438f927d6141225f3d15cac4d2294d
220,270,123059,126658003,1,0,32134572780,32007914777,0x4ce00f3a2086a5c788b49a23999be092b2823de9,0xa840294570ce3628769892ca54a21e878e77d66faa4e9852180074b60ddc8549306e4cb9ee7a023a035120b9067ea430
221,271,123325,126617857,2,0,32133054454,32006436597,0x8701fd0cc7dde651d8e5a87ae6d2297b73d683b5,0xa2e6ab368a0faa5ac0a29e5fb149f0b78b7375cdb5ba856c19b806c2ce85bf4745fe99ecd1c7722c2df0bde863a9b94c
222,272,123392,126543766,2,0,32132465643,32005921877,0x10f46e6ec9868a2be3dd2f3bea0d5a88b06d5805,0x8069c65644c8c3ee947dc63270f241c91393f82f39b59db2cb96cba69ebd3f6240dc4c29c61fde9c749e68810f25c692
223,273,123084,126477605,1,0,32134152604,32007674999,0x45fd562136301806ceba92065dd9f9e5e333c542,0xb91635ea9c941df10bb39b4088eb12d682f90cd9dd966d9229b73b5fb6bdcc5abe635e6747c70e3c253cbf238c7dd906
224,275,124033,126419678,2,50,32126419678,32000000000,0xce08bb0843b724c10cdf17eebff1f0c00a127197,0xb3c61a6068dc67ba1bca826b2b1172d27e793ba554ca89395f54362ec64549f808836ae82c01d7f2ec617fddeb893405
225,277,123763,126314331,1,0,32133552251,32007237920,0x731869ae163fc825f16355f581dda727a7237e2e,0x97710bad2e12736bd0ae0a713a99af97f9ec8bc2ed8f9ac6eba3d9e4a8c1e9650ad372e8b10637cab03c93cb9023159c
226,279,123755,126251800,1,0,32130324681,32004072881,0xfd15ee7a39d4e2b6aa00cc9f1038179ad8e760bd,0x91de89d1b53087b481db4ac67babe01c969f0104ab6416dbb298aa7c973b2b4db850c7308da9d133290905b952cc5347
227,280,123375,126224692,1,0,32132450666,32006225974,0xd2c8199595a7d3726226bbfaa536481cd1ecd6cc,0xb321af821577a8a57742fe3c0cddf1032f7cb6c3548f6b898c88abcadfb90715f371f99ea778a7dfdfcc713c159d60d7
228,281,123311,126223536,1,0,32132602631,32006379095,0x2e820d9dc8ed86dd488c81419f389a7aff7b06f2,0x862fda3d6b648ef48520b2637cad73df38cca034e221626ad4e3b877b999cc99ad70f3725f38164c2dad58513dc35d7b
229,284,123511,126150937,1,0,32131624108,32005473171,0x75dd6b2ee9c84fde67b8d1fbfeb1ea7aac6aef51,0xa72526d7869faf4a76e186a3998f0115166428df24f03316135af6981ccc05c978b5a3c601e937072156a4b51684a639
230,286,123595,126113988,1,0,32131106671,32004992683,0x91928bf33a064d2199e52c28b0cef5569ad40691,0xb586a2111971e64e96304534866bc36c5bab073f57e6257ca4cd53aab91df773648e692dbe46c791abed7080ff08f1ae
231,287,123909,126108473,1,0,32127847209,32001738736,0x6de8f905b46e36efa2dca25406fc07d87e421663,0x905ae120f04d6f523381df61202838789fd387892ee86949c2b285253022866bfc3b6d7b879131b2ef49df81750bd5e8
232,289,123827,126083170,1,0,32128406982,32002323812,0x6faf6211b29da72cbf5e99987b3ce8c70d116e2b,0x905d21f09f66e8b3dad620724749000869d84074316f5cb53e0483545dec0f1c80f80a584bad715ffd33ced5d4443538
233,291,123232,126043740,1,0,32132866282,32006822542,0x7732267110d7c852ccf1756e33228c9185f122cd,0xa02b9fc319db8093764a30a7bf94b4857682271f22f867e9d6827d4103c7d71646f9ec4961eee61e49b45e8b32d5277f
234,292,123478,126041215,1,0,32131685274,32005644059,0xbb413d970d30ad1b6f2074a2413efde55eb78de4,0x8e6e518ed80e501df142cc57e018d60c3b2006a68f3b27769241faa1499da56e387622d752990092fcb796ffbf183a9d
235,293,123914,126026911,1,0,32127773448,32001746537,0x0c3c71f9a8eb1720aa2ac8f7fb1bc004c0d2bbe8,0x93d454a5c5246b599743e63487ba0759594a5029c2055fb029248a7c5ea3fed04112b9524c3f042c210cd0c600b64a8b
236,294,123571,126018062,1,0,32131191135,32005173073,0x065baf0a6a153c70ea3557301d624b68352b6846,0xb80e02df1023aec03d0cdf64b2de6c79f840df90cf67bf8cef9317c0e9f4b0cfab22ba2a4920de28116f1b4f5e8f20f6
237,295,124101,126005612,3,229,32126005612,32000000000,0x6e731a5a6effc4013e88d197ccf600a73c068ae6,0xb9167035f0fa1e3dcd2c8558b6081161376ef16da7f350495ebe06f259ca132efd69988daf3aa688f1567cd216ab1505
238,298,123716,125980920,3,0,32122071278,31996090358,0xde888f321be9a2ca96e1565e8f3d12f221992b1a,0x83379f1423b75409a9b631fe7c3e67745d99071df00ebbcea9d83dc55f188519a356a7757cf39aaeca67cf3e43a38e6e
239,299,123217,125978771,1,0,32137807446,32011828675,0xfe36015cda4d3fb0d5f28125e9bc5462e3a749c9,0x8f43b9182c1f8e867d33dafc5deeb8c34bc111e6aea8aafcde66c18cac9887354d9db130b033a4bb4ab8c27e910eb8f9
240,303,123532,125960142,1,0,32131325648,32005365506,0xe9a04436acc97a03ab2ed6f8a36fd106b4efc0aa,0xae64c7e4a7ff1409f8032ccc41ebfc4051c7033702cea21635c652c89c111eed6238a5c8d60b6ec7a135caa868f66608
241,306,123912,125924053,1,0,32127646789,32001722736,0xaf51e73253ff2faa8ba8c90615831014ac3a7717,0xa4cd64fb05229df4d999cd9aec0f5340b3fd3cf2f5d1909868f1f435188c034cbec82eef49e7e3f564bd26c529f7e52d
242,307,123045,125922375,1,0,32133976937,32008054562,0x724e42e83c36f5e23102fa8ec6352b6b121b8777,0x8a031deea25acde043eb26af7e323d0b72acaf8c01d76f6edbc38999bfe3068e4d7ec5535cd81f561bb1630edf4fb915
243,308,123349,125918032,1,0,32132301993,32006383961,0x5f19dc21545284060be7aac6f332caa2a54722d7,0xb5109d1b55b66430f4656cd09c778e7ada2a80448202b854d231a3b28ee66b987c4889b870533173808f735874bd2a7c
244,309,123357,125914173,1,0,32132168987,32006254814,0x94d1162e18fea14802debec960f4d573af2d233c,0x97cac9c4b259b12888e5b8f569d9c9e6f65cd133bcbf82157fd4ade8d0a4491a7ce2fb57d6d0440d77f2c76777eb4211
245,310,123314,125899743,1,0,32132274658,32006374915,0x7f3449e2609fbca83423039a955b5213702a8ce6,0x8a790f7f4b184b22305ce32ff241aee43e90014de6e361f7810d5ca5199e6970f78e7207e3288485306e6c191e93eed7
246,316,123520,125825718,1,0,32131209172,32005383454,0x3b7e617afb93194293eb26e058e938f76335cc45,0x988d34d31fac6bb297838a65cb6fd3df1dc8a6e3ab743f9fc2ac29575fed8c153cce2542e5c15998e0d8cf464f7f3232
247,317,124093,125818809,3,227,32125818809,32000000000,0x9d1658d8ca6ad26b15b1daa90bd026481baa3e3b,0x8ed340e1dc35a7e64c687263d1b162c56b854a5628564f924968a2b94b819350c04d39516ede2694d9135f032eec07cc
248,318,123373,125803310,1,0,32131984579,32006181269,0x0ca0a8359862a7dd2ae5b3d7f766b2cee2053525,0x857aaa4a950f23ad75ee7f3347ab72344d27b6242ebf5116b7dae5931a72ba5c02c2f80ccf5638e548d8e0d4f49c0e04
249,321,123760,125794510,1,0,32129818151,32004023641,0x3251732a8f790ba90af036984ffc3b63ec8c23b0,0xb8e0d288e63ee6e557b26bb62d8f2de48866bf59c4039214cc250ca0a1e694130a972a0367abc743ca059320fcf8f0bd
250,322,123540,125784784,1,0,32124453309,31998668525,0x188a724947e569243deae63074324b3fa48c6e44,0xb4d8486c37df7643d114694e28fc82f558ecfe872a47c5bc1b0f7f3ed536820be453eff82c6d9f9bd5eaaa3a4afcfed4
251,324,123079,125770385,1,0,32133591187,32007820802,0x15604e24f02fdd83d4e15366997e03fc37773348,0xad08aa00caa3a354bd8d69f9661557f1113cb858074c3588f68f5aca7108c01afbdb9cd1b1d7762ec12fd38976db1088
252,325,123926,125769801,1,0,32127390641,32001620840,0x9b8f07ebdc8a6887dbd2f0c02a34e9d7ecf5977e,0x8d490939d70e5476b2996e89fef2dac146d41a0b92599b10ec6125b4ef68789c25b48c562e9bb06a25ed4614638cc4b0
253,326,123196,125767680,1,0,32132602319,32006834639,0xb6d59f7c2e6f884f2ece7951e24107da5dddb4f9,0xb1591a060b7be59d6f306a612d71a9438d288cd16441d03c5d859ccfc43f6a63a01e42e32f15cf6f210dab7465f83685
254,327,123049,125750695,1,0,32133636019,32007885324,0x81fde731740c938d51dc1e104e1ddc41ff32e0d0,0xa70696ae6d4fc7db69fbb6e0ec517b00c315c39fe10f3200398daa5c1c18507e405cb3d7fcea96d33529dc99be1c3e5d
255,334,123280,125666509,2,0,32133033457,32007366948,0x23e81862267670430c97ac24bbf1a6793d17f677,0x99e799df8af869ce63d84118fed9604e77d043fccb3d0f7f0c3d6be39a47d04afe46bec0bf9ed7b2fa40ef51964b8519
256,337,123642,125637215,1,0,32130322328,32004685113,0xaf93bb0de8b38a60cd7f92df56b7eaecd27d7093,0x90b5b4426b19f19d135d3673a79543bf797742a47402ede428c967a6ca002f9cec4f3f3df4e9c38daebaf00104e800cd
257,341,123488,125611651,1,0,32131241379,32005629728,0x836504e4fc62e61ff4a53b98c4ca985d76a9800f,0x962ce4f0dff879b1f92afb25c3c15b099174131308d5037b467791378e07e7a471a3ffde46c273102e9caa03af5da66b
258,342,123741,125606713,2,0,32129826803,32004220090,0x7619a3420ee4a7dc23f637b2e403669682d6a9b3,0x826881709a41188f56f095d6383b1144073b918964c026cf3f8ccb57a7fe18e48a01ef8233920e0641f1cd145989bf43
259,343,123941,125602346,1,0,32127124593,32001522247,0xa83dc8db3637f79fbe6eebfaf8e7017fe46e40d4,0x81a043f0ebeee4ffeebf5aef70902512fa9b1651c3027fd28ba5862ddf877eb04dfeabe33c2dfc153ac02ac498b5e183
260,347,123103,125491436,1,0,32133172358,32007680922,0xae8f726801ee4a38de2a2626a53fe258f07996ed,0xb5b69cd195358ff8fac73735476c6a66163d0e0391cabff8d5b3cd59d4e86f212825d240d4c159694e66904653ca1d94
261,348,123223,125485257,1,0,32132325193,32006839936,0x77e88c6b9c638c087944752927ec5a5b5dc564da,0xac752833736a3c5d24049ac2f3a333b54eedfb43f3f95a2092b614cdd8dcef4b1bd3d05e5468fc2205a553ccac3621a7
262,349,123242,125479180,1,0,32135202213,32009723033,0xbf2a8f29f7afd7f3040814317150d8958dd06b6a,0x970a42dc007e679177772d7c6b8d9c8be9292124b0a9f363b20c329de59e9bbd25150a057872df827002767af2a12707
263,351,123961,125436402,2,0,32124182873,31998746471,0x48dee9e4e921516ab8c4437d676055d009dc60cd,0xa2bc1c75f6d3bd774b9e7f6b0286a8ae69ce69c5cf66e2c5c2d74448869244a0c61d6190024afbc4398a0632773d5628
264,352,123673,125435724,2,0,32127422338,32001986614,0xbc786693d4119d2bab74a03ba09546fa8e3282ea,0xad4a18de2c3ef52e5427e2ff10b5638a1ed9085c0e79733b2fd5cad6f7657040313b2615b84e4a8097b97380a33d0d41
265,353,123095,125429924,1,0,32133027612,32007597688,0x706aa9b3bd8773068e346ea2d04ea0c59a84c45a,0xa1634881f67c835ec471d7449011119348eeccc5c015ad9b0d2d71f471ebae3be220e362e2182be2a53c44ed3f998dc1
266,357,123108,125385703,1,0,32132940855,32007555152,0x8779c4c60c0b4201351c073eebd490cd2238e582,0xa3c8a71bafd1d061dfe1d8181ce196a961c61a99206c657c7d10ce09db5499e2bc696a639f87b8bbb890a899f03871eb
267,360,123497,125334601,1,0,32130847429,32005512828,0x43bb70fc8356b16ddd7dd1b831f69d16cc066a3a,0x8b02851240f47ad183b77029d5f28baea4ae29f5458e1c1d0c4207ae36e1d24e4a17814c64edec69c9d7e290c65558f0
268,363,123546,125319139,2,0,32130566168,32005247029,0xcfdfd2e48f7aca0d3687256beb44fcbc2d87068e,0xb73a1c727fefe856f6a12ff7fdfc116b31eb40c01f5f9759ab01c9d1a71f7ee3f7bd1bf6686d430728d63e930f46c7f1
269,365,123549,125299901,1,0,32130424554,32005124653,0xa05f233eccdcb068bfe7cac35200aac0fae3bff0,0x90926a103341c78295ee9db4010a510ffead51e2f4a58aa361578402a943826d36ef255cea4b9b1a06040fc611d43e10
270,366,123689,125226370,1,0,32127135987,32001909617,0x968e69b3344700e37f0bb74911a19e086556ebff,0xb15e448002bd0503d6c8199df0f443236ea86e7dede226052aba82330f44ee49def2f45580fb2e6d029a28541b7cd151
271,367,123251,125216727,3,0,32129034118,32003817391,0x9cb06476d894337301d6830cd22ab8d83e297180,0x9190cf6ce29ccdf32effcf5228897441c9de8a8004a74b0e0190de58749ff36f04dca11879c74bf8c389029af2422a01
272,368,123748,125211975,1,0,32129356864,32004144889,0x5f509e56de09b03c0f1dfcdd6b63669b46887245,0xa6573dee22e68a4b0881b2f194ab3250c3ea58c36d73614a91ff691639e9faa640c7a38f021bd480980b9bac7469a0ad
273,369,123395,125206534,1,0,32131368456,32006161922,0xabca4c1526fe7953d02fca403941773576de0919,0x90d3d7a072ac6823d95c1f60d0bc04e1a1c4c6b4bb1ac9fc7095681b81f80d5caa3897e24971c654844b036b300e2a75
274,371,123635,125192570,1,0,32129928677,32004736107,0x18cd84e101fd95cca018bb0fbdc81ad409813569,0x84a874992f81536b5a47185f72061480ebc15124c6c4088a8099196856f31768ea360bf567e7d724bf536587964bcefc
275,373,123434,125163793,1,0,32131114192,32005950399,0x521deb0d352d70868a6c3952b3bd478f11eeffcb,0xb9cbc6fc4a2c1e81ab3bc37ca2cedcb31951d21c2dd668c754a425161765fb34b64cc9467dde099df7cae3a80f5911cc
276,376,123902,125131483,2,0,32126810388,32001678905,0xa18da38687a87d8c091fa804aec086908a7e8dc5,0xb53534ca125979eb10705e4bb586e7576e9e900ed0d1f04bfbd48430cb1fdf6d38ea7e72b730baf0d53082c7aae4be59
277,377,123454,125096173,3,0,32130778579,32005682406,0x25a8f1d68f352838a8188048e1052476934a2efe,0x817febfaf1dfb79cb8312f86fe3d6156e6c3ff0624135206adbbae1b2e1b03b9eb049a20db26d4094f9d6948d940055b
278,378,105612,125096084,3,0,64306791930,64181695846,0x2aaeac592750cd4b39e118f0f1dccf3389c4a0e8,0x81b219eb0b5007d9291b109f7aef8d76f70c9247a6afaf844ef2be7086dedf5430b81303d012e030cd7159b74fe5c941
279,380,123107,125061963,1,0,32132558018,32007496055,0x2b5b1738e7fa2a0cb655591d4e8db58f59ba1e96,0xa7f42c4d03a56edee9989e55a5ce7c0ef2e2669c6dcd0a2779171751f39d9ee4bd13ab4998730c8b8e02072b7c9d273a
280,381,123487,125050126,1,0,32130662767,32005612641,0x6dc8ac691e3bac07bd9518e65baa110a8d405969,0xabc5b2271409f8dfb182ac56e58def9f2c59f9c2fafcb509484cc292c80c14f4a0596e8fbde13b8fbc084672c6c64016
281,382,123102,125036219,1,0,32132613814,32007577595,0x0617bd4b2c0ce23b64fbeeb676d75d04b3ada87e,0x80984c44576c7b847efd7b1b0dd1edbc4fa8e7faa5839fa94db3b8f0ad5b862ee5e8ec146732267c576caa130cb6662e
282,383,123582,125035013,1,0,32130132761,32005097748,0xedf021c69566a907c9285426093a0689f3194e58,0x952c36d126a0f4c870281c489ef80678c5180c28f7ac332f6d1ca5b76be20c4f1c2e404c644c08399030afdc0ac7397c
283,384,123883,125026453,1,0,32126959203,32001932750,0x940fa3d510e240565982baba996a62a4f28a5dea,0xaf0a264e42af174061245b42a30f4febb2ea6a719c39de685c2da8655d64885c274f9a2e60c6ac5e353549ee352efa19
284,385,123589,125021992,2,0,32130053500,32005031508,0x067b9c0e0afe665fb7b74af8db737b44a212177d,0xa82c5298125094d6c1eacb9ef088f99449ed2677de330e19d0233a477ec953500f3d1301fcf378c8444e422f91d51f04
285,387,123062,125004003,1,0,32136001230,32010997227,0x4977294a902e2263a6d7c58a839f5cb1160ea259,0x8a3ab6d81fab3005de86dffd755bda144177f9772f2469598dd8812380c1da3bb54a5e9c6012480a01ec15bffabcd76c
286,388,123051,124998747,1,0,32132795058,32007796311,0x2b343a798cff954f45097c52884658ebe1e23d38,0xb739dbd61689423d8621f7cbe69feb60c3dec4c2da568e3ab7148c7e4a402d3c0b2aefc80e1ea7472e104b60ec3fda42
287,390,123483,124962852,2,0,32130533094,32005570242,0xa95efed9f2e010d956b86870c450c69eac554c18,0x95bbf4e662ad7d1b6b6422edb4cc1f1eabd7a49dc7061134aa246474a33ff63f53c10718773b03038a4aed48c41c9bd5
288,392,123279,124857489,1,0,32128560565,32003703076,0xff7af699cfd9390196e16176701ac8336f6cb30f,0xac560506f7437555b0dddbe6919f292d4ea2ed933e8079c6ea888b117825a099a52b8143089c5d963268ff0e8bb43d14
289,394,123667,124808110,1,0,32129421636,32004613526,0x55a6083fe8c8652c339904ad9e285eb7050db3b1,0x8f8a0e99f9bb56a8cbd07a6d1c3b33ee86fdbda320ffa885334c42a9ce319902b0d72d2c38f247e68f5ee9b4fa175d0c
290,395,124013,124728108,1,45,32124728108,32000000000,0xa840c9b73f809c9b603a3bc58d927e6577d5e06b,0xb872ea937df347f5adb4bade32fc2e6f77fc05cd151865b9a3c1b6c52a9639464d0d93975b2f98d9074abba1bc359026
291,396,106473,124663327,2,0,64373788160,64249124833,0x8406207761db4cd6773a5946436537b798b61979,0x8194f56b0e2ec2c91f9896de934e2353749190918b726af3d5ce24e1c5a33ee11fec330f41b83a3248a5dd0565fef90f
292,397,105616,124660162,2,0,64323679459,64199019297,0x3152e8317483099fc8acc93cef709760fbd3952f,0x861b67fe1a75a4c3bab39a2cff3628698ab66e7a59d57c220c4fad050d5edc727b23ad45ddb4b32a5db027a56bacd2a1
293,399,123980,124590501,1,36,32124590501,32000000000,0xf3cb8e0cc1ace6b064bdab66fc74835138645348,0xa424b036c5ba732e6e7476e4a712b63ec7a5ac6df88024c8f636610003a580d6d61ef5298c8b0bc7400ef7586d1563c4
294,404,123920,124477584,2,0,32126156297,32001678713,0x0dc8c6eab56a9568b2c5189a032140a1c5bdf928,0xa7d22be362b33c4ea24dc7e3cb15dbd4b3dc30efcea968a81a349f74e6d020d5b5bc0ae1920bf1f6cefe42d0551196c0
295,406,123621,124461448,2,0,32129302603,32004841155,0x279c892564903948316bf6a407e6f2185006378f,0x81fd49e75b98f760fede87d7434efb3c7f935834f2ef556150eff04e4a2952692019ab0ee9ac57ca4024a0a516cbbb75
296,408,106482,124424917,2,0,64298166046,64173741129,0xc9edc1d5e8e2ddfc7f453c65226ad971545b8d49,0x913f81414475e2e5e6860e53d6424b6bbca5c0a5d49e7998cc50b3381b31e7f31a3248e6a6d2ff6b8ec62e3af4ae9ea8
297,409,123734,124400505,1,0,32124369522,31999969017,0xc0554095ac6c9a76751442f09b780f3096c31cc6,0xa2bee3e2a5874f32d326946feac19d5325492681bb99d2f9ef179fa7646ba0127bcac2fb644c22aa00a2bc74ca6dd0d7
298,411,124027,124346712,1,48,32124346712,32000000000,0xfd804e940951f1a204b1c41d3cff450bbbef69c6,0x8d5c2dc776636389be224650d54ee64088975e095dca83b89bc27a6f907deb126f162364f17510f3f3799b82174a7d36
299,412,123978,124346285,1,36,32124346285,32000000000,0x63acafa54e85d8bac25d4b11ef2777f30ddb2270,0xb5c775344b308443522f51e245d90dd961a1761e1b2eef72c4747017415f4fc7567ab70c44c03cc1cea4ac2c82e72d47
300,413,123299,124345807,1,0,32122827394,31998481587,0x6c33c7f394496038ecdd84bb66857d91f28f65a5,0xa2d2bab75442fe77ac4dcf0c83151594f83b51627414b9ae445b0e0610915978453b65dd0381f33138549320402f5fb3
301,416,123970,124243768,1,34,32124243768,32000000000,0x947bbc558834583b309e428d8b40ad469fdd64b9,0x81d39718b70cd1064b93933a7e6fc767838a6ca0ac5290abed061fc8a7a83651a62fb894c076ca2ba0ef50a5fe4e1647
302,418,123675,124175204,2,0,32126163750,32001988546,0xa5635f9cce2fc89a6efcd444094f695c4edbbb99,0xacd9c1dd6ac549ca3f97f628d853ae6908e985176aace2041b391e2ff7a1432dc36b4e9dd612d0355d6836e8c6d9f6d7
303,421,123270,124101705,1,0,32127929425,32003827720,0xe4c629b310ee2e8dc016f8cd551cc46cb1906c22,0x9419755b2c9705db548f66bcb1866baddfbd8dd824abbb37e86d5097bce5614d8ade10ff71e2ec5ecee6b3a5b9b82d58
304,422,123421,124068405,3,0,32129725646,32005657241,0xcb64923781ee85e71b85ae5953f30abcc22b87cc,0xa5072ec96ad6995772fa2b779d7bd5746144794d3a9ed95cac00fd5dafdf00a73bee55e6530acda9de58fefe25230e98
305,423,106467,123991462,1,0,64387704644,64263713182,0x0cf13089a0cf0295a415da97b16051dc98a2cb52,0xb88dfb084075ca0ef04bb247f251d169510964ea8a69a59ae3d3f310042b9986013dc33924e00672b6e37dd37a30c18b
306,425,123400,123977463,2,0,32130070962,32006093499,0xbf52f45fb7fd177754508dcf82755a821d444279,0x85d8b26dfc549ca34b36005f0fc876da00e806318775e1a9128180bf73188f91f49eecd6002e7ee276960e2f1a6fc678
307,426,123442,123956948,2,0,32129699994,32005743046,0xed9422da0c15782360803b8868b0777ececab111,0x989bb2b1f63979ea16c04ed2bb36807f00ce3c4f51a8edba4eabb31a8a540f1b1ed724e558f46b40c82a492a346d63be
308,430,123245,123703837,1,0,32130371314,32006667477,0xa801dbdebb90257c76215a6017d164771e42ba0b,0x8efc36c9ecda4dbd56d2415f8b6b46429511a636dd1b3c8e9bd4afd03a1de111fc3971b547ca709705255779e9b77b5c
309,431,123381,123645401,2,0,32117633455,31993988054,0xbfea9e5b75e40ea9eb5709b99725c9bb9cd7be8b,0x96197989df247c10847c949af57ffd63608292a2ced9e80c59286935934293cb6472d476c017d95dfcaac35225e058d3
310,433,123506,123556767,1,0,32128976888,32005420121,0xfd700fb59d188f5b6e1919e590069c8f745025a3,0xaca15b7ff76667592c1a12052adc9ddc631a19fddc09338096f297d60229ac6e4b809ef7e27fab7707255c444cbb671c
311,438,123749,123148490,2,0,32127098361,32003949871,0x59b5de4b3f1022d736e3935be1e4bb659dc07bd5,0xb06911f857ce637b78e337f54c462b41a982b9a5c602dbe19e0e45bdb78b90d43caa489ebbf77f6aef30145b179524db
312,439,123784,123137166,2,0,32130186402,32007049236,0xf4254a5f6a82474295ba01f7c0e4b0345c8be8cc,0xaabc6c4e5bfb7c09f5e02e574051b6d7c776ca403d6c2a25b75536208226f4135e2ef7dde3b3b4d6f7171955f7dbc7da
313,447,123366,123007250,1,0,32121683602,31998676352,0xb911dda495abb49c4e221ba6dd432ed8918dd242,0x8a5cb4844f5a28637824df37a9246863a87d547bfb7cbe790eddf0ef9f93f52e7090c1d5bb95e9228e168c899c983e2a
314,450,123471,122982724,0,0,32128698323,32005715599,0x481cde8a1a9de191821edd0a60e8ef38a433562c,0xa6d95c46213e641738de5346080a48058ed5556b41a3c912865eee696d134c6c29158b3900cd10bb9730b8852ba35b8b
315,451,107053,122981770,2,0,64286041164,64163059394,0x205cc7641fbedae5224e7961c6698fc10329fd42,0x963087b7f57d6b8d8381f43177eb7f1c5498a8080ac099de4af0bf78e6c9465be2fd8f995054182ac183f3a2ea142d81
316,452,123110,122946983,0,0,32130513441,32007566458,0xf41b9da1426f2323497324c56e61b8a7a9cbab8d,0x80fdc5fb16514294ef7fbb0b0378098da8c67230d105be76ace1385260d3d8516194eba44f6d76f60ebe1641b2efb318
317,463,123347,122841370,0,0,32129093643,32006252273,0xf2ef5efa034d952cab7ea7d70bf991a0254e4c85,0x879b14635d8a3583de434e5131ec770b76a465a7e60d84861741826f2d986150a53cc9ee8de660323b554e44e151a7e2
318,464,123739,122839953,0,0,32126997710,32004157757,0x27b6d3744046e3e60ac65a8737dccb00848a034d,0xa70a1a55e342c3c3139d57a8878823de9a1c0abfe00e0ecd3ea5e3aca7cb0a85fb218a98ecc521d70bacc378374a5d48
319,468,123715,122791531,0,0,32127144899,32004353368,0x50799e0098c38d34c9cb1f20e07670a7f1d64a95,0x935f364c9cf2e9803f65461a231f714e9882daba55d615cc98c1b5fcfc560ef3a458d890b6132ea0e93e248d05f2ca85
320,473,123879,122754449,0,0,32124691436,32001936987,0xc9e1e1a5d0096276c53115eadcb3921b216f039f,0x8f9b6e6409e9e2ae06e69f09ed43470560206fba53a3fa58762837f2fbfa6d4cb372ecb609b9c063ab4b8bb55463c4b7
321,474,123106,122739929,0,0,32130338294,32007598365,0x6512ff8ef532c91be4ff45275bba3b5e81d0e266,0xa3d37a8e7863d2d43b46b07118e906454697b6b216d63a44f49975690bb215086169831a67401a80e483a2847e0b9d4a
322,483,123773,122675682,0,0,32126610171,32003934489,0xbb82258802c536069cd444821f0a0e666695faa8,0xb09113f55122c18cc9f5e19079b6b3d72d1db881aea5b49027e68613f0daf2f6b9655a2e2d90a3b4e731db8ac9619b84
323,484,123923,122674662,0,0,32124362426,32001687764,0xe1eadee0972f1379a32c3635b27bd44ed15ab9a6,0x992352dfa0f243a56b592acd830fae22872cf60049c72d38370a660917bde5a50a5faaa10ede1ee5015741a726b54e1c
324,485,123101,122674265,0,0,32130075873,32007401608,0x604514d620b9061d19ca6f35ff7cdf8c9fd58a4e,0xb5821ec6bdeddd363d65a332a0d62a6c8e7252e1c1e0858dba03e29831fb8c88d499d926b316c2e51f07a099037e1710
325,488,123544,122655584,0,0,32127855950,32005200366,0xbc6cba69cc8227a3a9335286561eeccf116ca9c3,0xb7cb6d8fa093efde11254b8685be49fc0ab606a75aedcb04bc37113c57cffa9b2f8d923aba20c64a4843b2ee82651406
326,492,123099,122624600,0,0,32130216203,32007591603,0xdb0e833bbba3afc441428520478f1182e66cd781,0x8da87db518fed3cfb24034c252bbe3ee7891691974d10f997f50be335ff0d7c16b7218ffb267a80618610cd1e3eb4ac4
327,494,123525,122623370,0,0,32128019037,32005395667,0x1e05967e01d30044c6d4102a711ba6a039990967,0xb29b9d9f387692edb2629ebde53d182d7fd53eeedccc95cc2fac0acba3380c6e6d159fd42f7818e06b587b09ba82902a
328,496,123452,122614471,0,0,32128390832,32005776361,0x949af0972f20fd2d1c0e1f6fa85ede350c46b851,0xa7498d96bc305801651b09eee817dba0fab8849d4b664ad77192f71098162e6ff024f8938889bdee0ab3f2cc9aa14217
329,498,123069,122606650,0,0,32133545896,32010939246,0x57e7ed3da18d30aeef02f35367dcedfa88b567a4,0x8d04e490a7959759987b7e915150c873483799e43aa6ae7e137bcd27bd630e2cec9761c56eef555911f97c144c7a3bd9
330,499,123093,122604600,0,0,32130305037,32007700437,0x0f7af64ffcdbe3af1fb9bf55a25655ea0c69ed02,0x88c49b56d60e4b0745962e95fe53f8664b72cae5eaf138b3b2fe51b80ccb1dfa9dc5bcb45a03aad1eeb5387b22ed4c72
331,500,123828,122604286,1,0,32124853885,32002249599,0xf95c909483b0de63a27f17aa1fbbb31a750ef1d8,0xb76afae2d8c6471037c16d475544c1e03abcc88330ea8fcc78d8f8bd2dffb482ed85bcc481adc6b24247a47009819833
332,506,123694,122542817,1,0,32124549995,32002007178,0x8679462e291d49265cf985ad94674a73fc53c43d,0xa0b1deec6f1310e2066090b6313baaf808c3c707e2f15ef69932516271a56e296682a69f9d0b580b93a684a5d9301cb3
333,507,123482,122541675,0,0,32128067444,32005525769,0x39d16f71d6d8c9fdc6fafc0352900c5d74351f1a,0x8bf59327b4c93a281b8bc7e74e853632423fba49ba61c883b1cf6406ce009e1212bc0a0da8f749b2e8f60fb48c6bec0b
334,515,123744,122491094,0,0,32126647290,32004156196,0x383016480adbe9fba2391ca8da0646f8cde09136,0xae76c70992cd3ff27d1bd65a8dbd2d58628a560785f90d2ace30a9b71ac1e4f17e540bb263f2bd296ef78a2202204e57
335,520,123848,122469481,1,0,32124647872,32002178391,0xafc94d0ecc975180dffef2b41c258e12e152b7cd,0xa808b4b677a73c45eb35c267b8ce11c3c21d35f8ef97f343ff16842c1f09d5c294882a588021fc0b0c1e88512c71b75e
336,522,123936,122454675,0,0,32123965159,32001510484,0x1cd7aecdbd04ec70252e5f15c7b9017206c017ce,0xa45cfb452289a19daec6109ad6502d7c8edb024e2b58ea3cfde87a9259298eaf02c982998b85cff601e034de9140cc90
337,523,123100,122449097,0,0,32129993376,32007544279,0x9217091ba1927e061102565b6a957b0317265059,0x8c5eacd43e1f6f1c61df20c4969e781a1aa4ce1eb7f1d4ad0ad341ef4424d140e325a74501fe2c21cb0f663e45476356
338,526,123268,122437106,1,0,32126219463,32003782357,0x169467e4b162624d45bcdcbf146cf9f77bec577f,0xb390b04876b4c13dc83d467fea01851dc5270ddc6ae1aac4f66d94ccddb45b5fbcad6aefc38a90c0f6a5699696ef5463
339,529,123676,122391626,1,0,32124382108,32001990482,0x016d73eef3ca97ebca8959372efa4e0d568c725a,0x89cadb9b610a6c53b08b86340c48b9eeef2174deabfaf756a57520079920e93a29d936c9db513332c64033812a387cd2
340,533,123652,122383326,1,0,32124481414,32002098088,0x5eb4fe51b146b03bf7b0593a184e558d9a418719,0xa576cb1343a9a3c67978300e5a78133aea1c1c0b0f936b98faba4b7eccdcd1cf41e31fae9b6035df3d9ba196607da145
341,534,123721,122372639,0,0,32126718563,32004345924,0x42a62f9953cd47da89e9b8ff3249bdfd569e4ab3,0x94e69d66aee0dbf8b6c8ce13e4e143c77bd66e5aa215fff79da02ac3f227b1a1a3fb7aacd1199b3ce9c4175bc0d4b12a
342,535,123618,122358506,0,0,32127262501,32004903995,0xeaa7711068a3d3fef958f801b8501eb9d83cd2a2,0x98565979efdd4dc4cc02b567e1874aeee7b2589e35bec89d33b9ddd1bef9676f98e2c131125c442616468bcf1fe95077
343,536,123693,122346864,1,0,32124383001,32002036137,0xef6f998c4687f3ae3989271ea7f6b86180c49779,0xaeb56a37148fc83ce0f3c1f31accea112d419682a82ed62b457551d44aedc8cb9e5f846b43367aa81db97533aaf7a7f3
344,538,123286,122320934,1,0,32126067941,32003747007,0xe7e8b3031172419257272fda5047027a52dd7bbf,0x85681376a4892fffcdf5b574b89095882a818d381dd6756a559b2c1f8239bc53d0b895714d62d2d01b94ddb57cf6563f
345,542,123812,122314293,1,0,32124585622,32002271329,0x95745048f92c99fb02e7580bc750616246ab3af9,0xa62043e6b929dbbb16a334649a642d88579a6a11052950e54d220105f72590b686b053ef5d801c8f1c4f02def7c82f38
346,543,123591,122302996,0,0,32127435641,32005132645,0x9cce8fb782d67368c202214926310e3e0d093145,0xb712e22fcc44898df0dbc55dea141f239d889c9a1d4d32386e44f1ed3ca3842be37c7309a34a332abe2385872133bfa6
347,545,123648,122294137,1,0,32124494121,32002199984,0xc81c32eabd07b1cdc349f9a7e56145a31ad513cb,0xb540841f0e223d80b556f2af3f390aad35c957c54bf79534daecbc61f6d121a3f41d2412cc5807ba457bd647e030ea01
348,546,123691,122267463,2,0,32124241967,32001974504,0xb173eb5a5792c17f42c094da1c34b1b01ab0b4a9,0xad362b64344e976992da833bfcd5811b33291db8adf5e28987954cb332e6424406ebde918d1334fdd7e8f4812f82d70e
349,548,123682,122241520,1,0,32124164128,32001922608,0xaf3e59ef39a4b2fc544b53b9ca227f3f153b0b67,0xa2b25ec33aa0667942ad91b0a902c4feb842dcd015bf3fca1e12efb924f8412897d9b195c5e599573323831cf92483bb
350,549,123681,122235345,1,0,32124131051,32001895706,0x216795e5bf59929bcb25f06dc84c93f89e24bae5,0xb47d0c47367e8e28f4a728c715c8318551b845e234918b9ef5596c9e84173428b1d7aa7c420b5b47a4205aad46ca7152
351,550,123402,122222327,0,0,32128209169,32005986842,0xef44fa4472382901d2b83516a8deeb2890eb882b,0x958ec4e33b3f700d1b7b2547fc54c7d8baff7d7c325296780d7a212425e39cc13150d76f1638492ce2d42c9186782ac7
352,551,105434,122221035,1,0,64392416658,64270195623,0xc640a1159fca4d23f56b746c3ba1532e6f0276b8,0x83de0232c0d4b2f84eac7abc471978027ea6024f9cdb731521edcb37a98d0bb4b00412b0c52c762f6f4d1b60fd883121
353,555,123959,122133330,0,0,32123543352,32001410022,0x414cf53f1ad16c855c624a562dd98a65edc5ebe3,0xb549927dccfa239bd5e2a6144af3a2858c41db7650047f93071ef2ff48e85936e18db4afb823a21c6abecbd308ef2f18
354,556,123650,122121655,2,0,32124257264,32002135609,0x7f6d47eaeb7e5361880a36ad256d5afb66c177a2,0x85a0b0e90f8ec64ea6055d60012a8f1afa43e3d32442873aed6d4e297eb819143c9e9bb357ecaf0415d2497c417e2375
355,557,105404,122104841,1,0,64339892291,64217787450,0x2404f78e82cb8bea3bc59a34cd5fe6a9b2e400ce,0xae8846688380a40eeb00c28bed93d062599c8f564502f86d492c73153e84eb7a18903ed9dbbaa15cf2f3da2faef12709
356,558,123632,122102268,0,0,32126823484,32004721216,0xc74d68f016ac2396ab4c7a3262cab2dc9f19733c,0x81feb0c1c38d75ec519374a6059d3278383b32d40f3052995e23da74939590e5a5c8a54cc9cee3cd00f342c61ea61853
357,561,123599,122083909,0,0,32127121205,32005037296,0x27a820b66356350bdf20dbde380c53b3bfda28ee,0xab90c5e35ea304665b0994062f19e5378b253dae44ce438a71ea00792c4db9d8f9fcafdb1096b51d59c8399d318c52b0
358,562,123470,122082306,0,0,32127725157,32005642851,0x5fdd9e2368e92d7eeb7f4ef67df592d75252abd5,0xac6d251c5e100dd7089115e4c5fd11d4eeeb6e7142bdf6c34405adea71ea54e22213441697806a26581f74cc38d7a398
359,564,123705,122071818,1,0,32118088367,31996016549,0x0a3d6563a62bb7bb32a75542fcc9ff2cb54f253e,0x94ada2dba31d968a48b93f9fb7e197ba4b503dffec157560857977d5a3d07dcbcc4b231ca33250716141d1480eda8437
360,569,123966,122025365,0,0,32123336356,32001310991,0xb72a1cc64dac54a6d65f38313df64bc19c2c44cb,0x97d3bc1b2ec6911f765df6aee22fc43947b168ca8c992ead4647f049bfc53aeda97bbf973c63e7c081dd8bf6d651b721
361,570,123278,122019175,1,0,32125697253,32003678078,0xbbef812168a7ebff871f827b268bff96aabc8425,0x936aaae1c2f78ef98dfbaecbd6c513a585556a9e8f918ff9d3c87ddb4fec8919d6240444b0049895066a1d9313012916
362,571,123318,121989166,1,0,32128140246,32006151080,0x73a1838dc1dea58f46c2d0b20fb1d8415a9780c3,0x9044a0cfe70b9272bf8d9038128b6dabb5ac2ef3364e3a3c86160858fdcf57fe05e3f862275ab8314f128dac4a082ffb
363,572,123275,121977139,1,0,32125620158,32003643019,0x37ec00125f352e2b93afa3b8275c335e162fe2b8,0x8a17a6c4923d20f3d502b7ff1a2ceb60678c94aa0a79e294f8b887040b03fe1d6d49e8b3ddf125571d75255a0c6eb0e1
364,573,124047,121975146,4,165,32121975146,32000000000,0xcf1e25203ab2d6ab867256b05e75da85c18daeb4,0xa6d2c41b41425f55b3068461b31c09a323368511e22a9b1daf40127c3bb34f46db22ff8887e9a227025cb9625817d4c2
365,574,123626,121942788,0,0,32126827351,32004884563,0x06f93c35ab06d154de8564ead781f2902ed66e4c,0x8d52f40676823813e66a0d18c9681e4973d86700e65c4ff58395e78b908662f2f2974fb9d7c9c0e48763902db8959f39
366,575,123639,121939480,0,0,32126741359,32004801879,0xf9d29f701e31d0ed331adeae6570d94c5bdae7ac,0x8da96c5a176d433a5a5902e1ff63a240a31b555285d5b862f81a8d1a2dbfde8bcc7400179d86ac94c100b6ce96f93143
367,578,123443,121847722,0,0,32127660652,32005812930,0x6e158a6f6caee5fff98f8fd3d2d816a216ee739d,0x8bd12f80f7e79e66c17232eb9af943e307cc81692e6e116669d27e2135e54d27b9c0763cf314f1f59426a60b632150c2
368,579,123803,121826973,2,0,32124219203,32002392230,0x7afad066efe03e85748c0204fe98ad10285bc026,0xb4e346161d664e54d77c6cf7870318a4028c92574745c13532e75d85fdb7a623718f9d40082c04c3e0735755515aa0f1
369,581,123665,121819502,0,0,32126392888,32004573386,0x63d9b20befedb5c61ad5a158e68c0626ad67826e,0xa7e8a6b4967d804e0cb1fb114d15d074662246a67265929430c8930be51c17b1af5164025383cf4e0ccedb16841892e2
370,583,123303,121789501,1,0,32128260185,32006470684,0xfac24fb0536ae6e7eab0d167004fe6abde04167b,0x828983aea4485d344cc62b11ca71ae94d5a4f0602a217ce0ccb440722e774474d32a9bec8be3044a43cb50063b98fd1b
371,585,123277,121786365,1,0,32125427415,32003641050,0x9bc242fba4e45dde003967371a62c829557f7c86,0xb1f12c7b26435c694d7d8c81d2faaa0256e138d0882f8547afabf87b78b5b63d57f0716c259729e33fa68ca99a1ac60e
372,586,123680,121774938,2,0,32123681008,32001906070,0xd456d8d3605999c579a2981f87e511be3912565a,0xb3d1f61f70e755516f1d6dc94390879cc6361b1676067c766e5552752a2a3a504bb086680ca52691749d4bc433c3cc9d
373,587,123953,121774826,0,0,32123208778,32001433952,0x809c740b7b7513f2d51b9f4091ce4e7c93be14b0,0x928a72144181e84abd97c54fa50e05faa579a08309d75f617efdc4c44a7b6cba4e5b4fd1006a1553ddbc1fde69bd4cc8
374,588,123696,121770865,1,0,32123713766,32001942901,0xce197e59f131bd91e137f956465fcdd069ceaa6b,0xb80ac9f21d505470669795d83c4df9bcd6d5f9ef353fe77f8640aa185041362939084989d0225fac94ca00c68612fb63
375,589,123663,121764804,0,0,32126298277,32004533473,0x763ed99d798fa0b7de7e789ae5b4544618ac19bf,0xa7621f3671dfc947a431b80f913ee83b87f93069e570b05564e3932415bb1b424303b531476cff7f52dec4757654dccb
376,591,123653,121731911,1,0,32123843387,32002111476,0x30b7313af419dcd7a570b1e68ceb4de360c3ab07,0xadc1bacddfdc708048bd0d66720c7c63e78f4d4903aaf10f440db90ff862cea0c5d812871f2f69edc3bf694d4a308fcb
377,595,123316,121644767,0,0,32128024508,32006379741,0x24bde324b104db032f42905562896ee51de366d4,0x89bc288480d73ae8017e336eff7f7c211ecbfbcf4dcd2370981a121e3bac594620cf9628b8ad6b535f344f59c8cde813
378,597,123276,121602898,2,0,32125261674,32003658776,0xa850a1d091410d17d0fd8073283890e5b74c2e55,0xb58dc376e07c67fc8557e892ab3c789b0fac4504074983e4dff120b72607f7148f4df9e725255885222886091cf6e752
379,603,123075,121540266,1,0,32134110278,32012570012,0x6e1c2102f37d82bfd1c4ec1ee8bcf36c4f1c3346,0x826cbdad3d797673a1b7a14029e1d42eff15dcc3a39bffe2b647466a5b34c768d79c1f868b4d3d9971c8d59819a6916e
380,604,123261,121519539,1,0,32125395860,32003876321,0x82949649612f0e6233d4bb350536e65d9c1f0f2a,0xaf9957b678747d6b051ab42c0f7b4dbb3bf5adb8c22da1c5da159b3ffd926545380fe2b644059325d5bb88127b6189cc
381,606,123722,121507775,0,0,32117622736,31996114961,0x79f60ac3ccf6c86d11a7aaac10db193fc00bd812,0xa8b1667fd9deda89f93aa923290cc806d0d9c6e1b3ce56fea77cf129c2da56616618f536ede653ece958c877b6a6b556
382,608,123622,121476711,0,0,32126363653,32004886942,0x4a9216afa5f8f63b7efc83499227bef7eb7e0ee2,0xa093020921a018b44b261420a8cb79befb72619111461ac65dc0e2d22d342b3721e58e7c5f4f0003ce8e0c4466d96f53
383,609,110676,121467255,0,0,64615192212,32493724957,0x3c8f76a90081967686c7627bbba68b0d4dafaab3,0x8397a31277b483408dc67a7f82783ef5ae9daa56c30421a36f973c60e921a510355ca4743609254844413f5bb3c0a7d7
384,611,123287,121442404,1,0,32125142213,32003699809,0xf2497f5675159c835aa41535e50e4e0025552d42,0xa4e08612fee9430ecfe7414cb5bb1d1370fb705f7eddcd48430bbf0768993429ed335337620f22387969e8ca11062e9c
385,613,123998,121421792,0,41,32121421792,32000000000,0x0224a60ed78285b2fbec846c55da9114a8379376,0x9682f2e897f4fb590447acd1d02a91566e857820c9b575ba2233ecba8fa3182b08c5efa2610b8e4ae5fa28c477141d29
386,617,123738,121372108,1,0,32125524253,32004152145,0x373ac5158686c025964b1e5d37755fc368304e54,0xa6b6607cf4a8c172a493601b896feae887db65be818cdb6f21d5ccc68d40eaed7fd41bb42a9238f2e3ce9689662c5f60
387,620,106461,121327719,2,0,64315987966,64194660247,0xb45565c05ff0c123c738aa6f6fe6db5cba787334,0xa25a6c09a0f46382af6017365fffd32cf37a1cb1b88c137962b049e5162cb0e11d203728e4ab03dbc18176ccd267e0c1
388,622,107064,121314578,1,0,64289317230,64168002652,0x106f5e301486d2c409ac2a0bcdb4eadb27d228ba,0x8b0f22cb6ba92e68ff11cb5c9b89273ffaf4510b45ff08b871e9b36a685e074f0c8bf0b49e3e44147a00b5ed4cf8b689
389,630,123753,121209341,0,0,32125184345,32003975004,0xb9313f94607be76503b4fe36f261840c6aead9d0,0x973573060e31bb851b76848ad9d61a5bb7ad9da1ac7f69bc3c66901efcc8a6a4d41ad490253e9a846bbe5d3e46eb6faf
390,632,123982,121084668,0,37,32121084668,32000000000,0xca05cc8e957a5c08a4cf0e432a5c82cc8b592c6d,0x87229eea8834d0896d0d4c353ecae840e1b584eb925b94f94b27a76e8bc37856c81b961db81aea78ac241c285ea4f134
391,634,123969,121034739,0,34,32121034739,32000000000,0xea886fa0b4205807f5917acd12fbb310a29aa82d,0xa88613e681e2e552b04554bb021da1eedb0f6cfe5ed3ed7454ec55b00543ef2f66a7062c78139377b9f45684c727742b
392,635,124009,121019817,2,44,32121019817,32000000000,0xb38e943206b23a2e0456b88b0030885457f8a898,0xad3278df94fa7c75a79ddeb2b0f8437e3bb200d9433a6da285d87efd0efb9fb1357b2807fea28ea30414512cb80b6d48
393,637,106476,120928524,1,0,64315086306,64194157782,0x4c8f048540eb562056c1831aae2241b093b927b7,0xada42f49aa34b33e8631e7b4b3ac93be2a39d10dca708daac4bf03d61ac04edf31bcaa5db99d75279de3c3a3cc0287eb
394,638,123989,120813250,0,39,32120813250,32000000000,0x239fded3509ba28f1e46db55df1c2660b119a21b,0xa8ec403f09566f676644b62c6264aa010150ebc77351ca4631dc5cada5ef30df3ca8b9140371c6410e66712d2b19f1ba
395,641,123975,120774495,0,35,32120774495,32000000000,0x7f8c31f20de9637007224633a1927bf8d0f07c5c,0x919b388c2a61c4456b57809a9ac7186598c72aa3b0d648614f81f977c58cd78bfef82ae704cd2a3f5ba07c3dd404123c
396,643,105424,120713790,1,0,64327158027,64206444237,0xf2fb9b2c9aff9b554ccebad86a2ce63cb3f24bc4,0x8a6a927d316b32910e710bb364839e0fcd709b17f6368c6b6b5d24284b4a1824b87a64c5d1d95dbc95f10f4147878529
397,645,124196,120691576,3,553,32120691576,32000000000,0x957d007b3371b2587ea8fecd85dd7dee8008e461,0x8c0d0eccac592948891d49aadd638cf5053429162bcf7933cc492b0e4cb5654429b2371f2a95338a9cf4b29624929983
398,650,124128,120272047,2,355,32120272047,32000000000,0xd699cb99a870df30d6ab55c9a05f4ef360ab904f,0xa2c22b724d21cd5d2e149c5bec9ea8a1fbe4b420552a867728ccb15a8071456e734f27937312629a68cb4a439f7291e7
399,651,124032,120182910,3,49,32120182910,32000000000,0x74e9bc3427f4a83dbe872233471d1cb0a3b34701,0xb17926d9cc7fc8c6cb0b4d06e2b8d589bcb79e6fc8e604ca312b2509d11219c96420a8d3a8b413734ec59e7b0771f5ca
400,652,123218,120115676,0,0,32112818568,31992702892,0xb8447ae2a865edc14f9529385884e0612400d15b,0x93bdfb6b1bc5ea898cdb0f933ca44a47555f2e26c24236d37ebbc43a7f7fb5555fa011cb14a5ab1bc16d431a3446a5da
401,654,124064,120032458,3,169,32120032458,32000000000,0x8d8b9d2e5577ad98d7e57ce866418756151b6301,0x8a31deb6c6ea4ff112b05342720524cc0680590314cffce4a84198765f4c8c5bf347c0a98f46569c6ef5b6cb95cbba1c
402,662,124082,119594295,4,173,32119594295,32000000000,0x75c8c9e5c64e9830814446d3b20b71ce3d19a21e,0x99ccc9983a126b8f52ef1080b61135f716c2e35432be4bd9c1b7e11efaffb3ca02f2c19e8dea76d23c6dab3e4374f3f2
403,665,123263,119300968,0,0,32123014426,32003713458,0x93daf345a574ceaffbb32f2815b185379fa23270,0xa005ed02ebcb09321a5fd5c5069e0679d0b4c40bdebc9382bda1178aaae02fd8a64ba909bbc290a9305aa9341ce0f45f
404,667,123832,119278009,2,0,32121465303,32002187294,0x15e96a14ed7da0b9e63e95d8cad04bd1ff03dbe0,0x85754697881064255cf819a2807419dd4762a8ff1d9bca26c43f2abd0aefd1a66891e4ba556c4b979f5855b03a525758
405,668,123670,119176943,0,0,32121106609,32001929666,0x83dc3e3e7c9ea42907bbdedfe07bf0c4885b631b,0xb334724aa69c1b884f5706c6c4489bde6dc9d9906864aaeb93f609956cfdb343b5f78e277290b5d810eaad32c22446a7
406,669,123683,119066630,0,0,32121019057,32001952427,0xc23f6eb8d5b23734b2b35277c71c9b50ae8a7400,0xb354fa32685e25993c60a6be3f7d6bb7f888902e5b5fa29c0d66bd23a81f6a496a46edda8d61d2d90221dcb3a964c483
407,670,123930,119012535,1,0,32120560810,32001548275,0xe8ada2c8d43bcb9020ae605b3d68a645ce5c9632,0x94811c271db8eb43e356c63b10f8defb8e66edcc71370da4cb442aabb40efcfaa8dca246c385d18842a5fcbd14d25d50
408,671,123690,118999413,0,0,32120941746,32001942333,0xd839f190dad231f8b365033eb4a1cf59feacfd2f,0xa2690bb01ac3d0f5220fda89fd1ba4e78d504067ed3c4961dd2511973f6a2170e68cb0016e115e5d1f6262ad66b6e539
409,673,123260,118959932,0,0,32122758318,32003798386,0x068005725f72cbffe937bd652cb037d70f83a148,0x881738f15b4911dd67223e1df01746e1fb447e6c9c86096d31eac6f3fcccb2d9ec3a2f064e0d11535b2a642b7682459c
410,675,123274,118920051,0,0,32122639442,32003719391,0xf6191248496c602f34bdebc163a728bec03ff8b6,0x93398f479d7d051c5d478b3ffab5ac0e9ca9bdd03186adaa02a2ecc4f9832b618c95970dad6831b820cece3ffe8c6fd2
411,676,123853,118914126,1,0,32120986154,32002072028,0x0fd6f3f54b64d8be5b0846b6510ef052ca79ca47,0xa4cc9d9a246d2bd075bef6399f4a1643ab73a93d9a5ff4719c9a82eab43f70219149e1b31e2e84e0fe1025af24100d0d
412,677,123688,118889468,0,0,32120877624,32001988156,0x5f567c0f7bb354aeb55401e7717038f8b17fb9ad,0xb18e046f1bd3364295b033794402f844a11c933c5c9b0ccdbf925b921e975a85c1972eaf0f1170dcff55b86b5da2ddfd
413,678,123284,118863250,0,0,32122505095,32003641845,0x3ed33cce88d9a6b4ce4cfe3fc84e2f1e41562642,0x80d562bd5681ead11a81b2ffbfb21f52c717be8f24e41d1ac44f601fce8796337ba952ea0845a3df4b53a98c0cf49237
414,680,123282,118842986,0,0,32122508565,32003665579,0x29a83157a4bb42a507e7946e6df94db98824072d,0x80cd0db17f9edd31c1b1c797e71256a09720307228566649d935360cc537480ceb453a2d13d0572cf6d7bbf3c368fa9f
415,681,123512,118823674,3,0,32113658739,31994835065,0xc7ffc28142ec9cb93d1492ed2b8057d0f2b12fee,0x8270337b8847b1a35e8b399dd605f94328d43af3199f7c5f8af1bf2192dbf53e32287da5268e2a5f6f9eade92d646046
416,682,123256,118793137,0,0,32122576070,32003782933,0x74ee278b0a8debf7efbf2e3a0710d007f3b24de7,0xaae8613fc00093816d1b2aa0cc471b8cb9865fbe716cd247ff32824b9ab30133185ed550e6ab23ac8eed21b47fccc3e2
417,683,123649,118786826,0,0,32120955189,32002168363,0xf0f150ef0068659702f38ef5939c070b7c8dc072,0xb10c6c8e853b024c77a041c957907602b04e230a6ea5ed0f43f1ec52a55da397491b4d0767804ef2b37ae3978e3a4372
418,685,123262,118749445,0,0,32122612782,32003863337,0x89c4523f0af9f334d9e3df103a270df6367ef012,0xa2189a89ddf765537fb7ac9361ab028718a1cdec236c9a695c1c5d6ca0b80222bcb1d848a36e41551c70a31fefd461c3
419,686,124341,118706991,5,940,32118706991,32000000000,0x13f31232a569867b037d51c3ff11190fa6e240f4,0xb9f90bab777578c2a71b842744b32f10a2259e7f0957fd636ed2c097abe03be37e5265bf643b387cf5ce8c3fc09ec485
420,687,123264,118693891,0,0,32122434137,32003740246,0xbc08a3c115a00aacab33b13355a16c09e5e1c226,0x85d2ed18bd67a2b48945ddf35dc04409cc40c449da6c0f2a55ba68890e96fbc1714a6c11058bc0f13ddc034ced5ecb91
421,688,123271,118682748,0,0,32122458922,32003776174,0x79f7d4d70ac346760713238878321ea32488f141,0x83c6bafba0abed03c8d41e7d458b1032da234be4dc56f3948e0de6f5cd94c5ec78f3f42300b9f4bb45b468f021f3d74f
422,691,123646,118559431,0,0,32120670379,32002110948,0xf07a38be2eb43ea6416252a43e1b7bac91196fb7,0x8bf10729e8b580a705de26fb28d71f00a519e8613e90fd81c43abc877f36b3fdde36d82ae7bc3fd13afdf112e09742c3
423,692,123258,118547321,0,0,32122364849,32003817528,0x87be6eccdae001060707e9da229d14f858c5dee3,0x98747d11ea81ccb9e4ab39ffb16ebf9e419820ec7c25fb72e1ba2411f483870fbb392705273b1a061fb230b317193be8
424,693,123672,118543696,0,0,32120529925,32001986229,0x157da77f4e2e801778c4fc31dfb04390b03f28c8,0xab3829e9355267a806fc302b304307ae0be97afe32e2dff516c17d66109d2cd1ccecb8165ee3306052cd2f45bcfbd8c0
425,694,123281,118517500,0,0,32122188453,32003670953,0x802464e4760c52a1a75e9a85a8b54664483b9f8f,0x9699f39fd472ffea0dd7b098601bc7133e1f7953a0d47f55cd3af77d32316c3e71026036dcf7fdf5e51b6b926b7fd5b4
426,695,123283,118504753,0,0,32122372687,32003867934,0xb4585cdf2423a4d3582042ff4e0238bae0aaceea,0x905c401dfbaafbfbe4c649e2ccc4a5348d31e1ea74ee233c7ae676b1428801a087970a677ed753e0593579b975f2954e
427,696,124055,118493857,1,167,32118493857,32000000000,0x511e3c306524a5c4cb566d3309e8d36ec7c7d8bf,0x87a9d73d2d3195dc5d224f0418d5b0a54052a4942cb17116255711c0ffbf630077dd7eb235f0641950db98b89d434406
428,698,123686,118421110,0,0,32120328575,32001907465,0x936468658dbcfb8edcb89a609645fa5c9514a970,0x869e5345ba35cfb92af2424a1d7064c146d872b370447561929d935695873800fbd60b18fc9836892164c7b9061ebe34
429,699,123645,118418660,0,0,32120588978,32002170318,0x6f64fce4528931de7f28952aba6c9bb617489fb2,0xad9c993b4a268b29abb7de7c9824ede165ab123332c169ecd3bb7fed97901879170ef5db4612c9a6a71ad6094e8fc8b7
430,700,123671,118407291,0,0,32120361573,32001954282,0xe143c9bb4551415dafa77579745923a9df0ed497,0x99613c7a5c4a183a3513c078f2d2c47761923dc73d67a143626af5037e1b5598e9c178851b3a84423aaebe09bb374f33
431,701,123255,118394949,0,0,32122142287,32003747338,0x3b8919e09cc8008d107eea90b2e7eff87c9de764,0x81a96e880bc64e35d9b5f8dc077aa7ca19d44aa707a0a304fe969c7d263875f1620a9a23bb78819f7efc27eef66784cc
432,703,123257,118365423,0,0,32122219324,32003853901,0x10cdd04506db3258110b0f72ca942d698239ef38,0x8baba385c2de055d8148198913ad3ca62365b5414ba7c7eca7d5d7bd350363618701dd0ba69985f3bc3a409a5b0314d3
433,704,124111,118362936,2,292,32118362936,32000000000,0x17e25693b3acb0539bf8ac6a405b22b24aa21b50,0xac80855abc85db39176d2ba18065be40d204bf553829569f38cb5065aa16039e4f05484e65df50295305a5ed417e1f24
434,706,123687,118355871,0,0,32120242029,32001886158,0x93f09ac607122765e3c4489c2d63912b6a734d68,0xa4e97152ed4be4387b8eceb10d220129b00857037672905231c15bd95459316f05c9d932e3ea64056a68429c8bff6b77
435,707,123685,118330944,0,0,32120320167,32001989223,0x67aca7cb6e80f1ace948102ed4e585ba7c83a8b0,0x93e58e4a9989fba1e0d9c7f19d1f952965eb6319fc4b9aad6dc9e03a7852d0412705a70afd87f4c696a36000e2b1b209
436,708,105596,118328434,0,0,64324638005,64206309571,0xcbf2c50f7e75a5d6061e48d9b8d7b501ff7e9d2c,0x8a2f60a170e9903b21cbb5c260fa8461bf2468d0202820bc83e053fd8659a0b69adeb740ba48aa00fa2e4ced4b2dc5b8
437,724,123940,117982937,1,0,32119518317,32001535380,0x0c1b2725c75156fd3ecb491ef801668efee1344a,0xb4b4bfe3e5ee5ea9e9cfcf7e8a2ca5772686216f692cde0803a58906465df639e11efa636791399bee0c394d8137168d
438,734,123334,117560464,2,0,32123935466,32006375002,0xb38db4853325b92b3f21e553f327169a91fd64e0,0xacf1571732c0bc99777d3fb247f6f77397faf4bc94cdef84b5acc7b6660a9e952c8b6d9e59404f743724c9e1566adf7a
439,737,123569,116987567,2,0,32122171248,32005183681,0x0a76402405b1a37f1916131ef035e2f5297674b8,0x971dd4442483e7eceefbf9255c41ef9e8d73a52856d8053f7ad4a4a3a3bd0f0053f4895f20c6eca5aba870adfbd27363
440,738,124058,116974494,1,167,32116974494,32000000000,0x6c4cbd214bdc9f0905bfb29eb1d9bfba58348972,0xb96b8aa13b6218cd8609fd64de548549c50cb8d98bdfafdcff9ff5778317975a2f77ed7c0af2bf33e0a76e26faf5533d
441,741,124152,116871803,1,421,32116871803,32000000000,0xdb12f73f7301c1efd1c8f468a187901507bd72ca,0x8ad03283a8ef957ba4d57df4a4d64c6e79c3c32af7d8213d58b0715ffea26863ce35ea2624438c221038b1b6d5e4da8a
442,748,123839,116420997,0,0,32118553588,32002132591,0x4d824d9604b183dbd161aa33e23a225108395c8a,0x970255f203e7be104f37e1f3d7e5b7c5672f7466a79f8d5e7166b2761cb9107051ea56409d3efb070e855ecff2a615e6
443,751,123846,116316462,0,0,32118405809,32002089347,0xe26a1f2e7ca49504aee97e00de65dec8a5ae75fb,0x802e53dd54a424bb4373ad78d19b3fe934bf42bc8933a10341f369f23f696c8f91c3cdb627ee8e5689a8c5d327a5a995
444,758,124277,116092807,2,808,32116092807,32000000000,0x12a96e741000fed30d95c00f3d00255b9c5ae195,0x8f2494930f76ae2364c090cda3bc2f8622492975e98b61a75b872d44b328fc9963ab4ee9f47606759692d170aa5b830c
445,763,123385,115996999,1,0,32122133851,32006136852,0xb237adb898de896b263c334bbee8eee7df414598,0xb146ba73e29661e15bb4c3545029a77cc236dbc9e4837b9dff731d340a27da5bb9ade6d79845aade73d7cf4b0724a5a5
446,770,123468,115654790,2,0,32117078644,32001423854,0x4e0ac1ba9c98f88590bbe4749f5e26fecb7141c3,0x8bb6d4e14029d055c8c2a399e5db5039b54b0ebdb1523a1bf35add10e76454e3dc9f00421b9fc457adc3b1335b7c011f
447,780,123220,115125073,1,0,32121966899,32006841826,0xd7ea27abe6f89b73866b69d1de66b192086c79bf,0xb8e98e98fe0be7c54dae1f48b434c4ca02cf4fa75549d18ebdd8198290cd74385196530f89ac4399b4567a1069770e79
448,781,123492,115093448,1,0,32114711236,31999617788,0x03119203679795299e202508e569d1110a2b74fd,0x94c7e44598b7f059cf9d9105f5decc90ad6b1cf5944df3114a5a5bc19bea843949e2cab0da27f50e49a779028b4bf192
449,783,124178,115066713,2,549,32115066713,32000000000,0x8d6b61de69358cca25fef4b7f583bf3ca95a373f,0x83c59e336ad1af3de7bccc938b418da61002f7ff34447fc313bff0a510f53eafb5f50a20a9003f53ec2ceaa810b1652f
450,786,124229,114901398,2,624,32114901398,32000000000,0xc8a91e68821cfd4c63a3c1ba4a04ac3eaa79ab18,0x8c1fae5af51e2997ff828207fb9c8c78dce15e8a86144ece9737dee500e754f0b7d5ef64f8fd0197b421a556347544ad
451,787,124016,114877416,0,45,32114877416,32000000000,0x1d83be013b01c8ad9ff8afd497a5b27e8f310b45,0x8a7184c108a49479c0c92e250ee291f2c8c1c3930dab393f8374ad25c3e4b916554152dc9d2b9e56f3786a7ea6cdf3cf
452,793,124116,114453090,0,293,32114453090,32000000000,0x4b73324ceafb7f33f2500ccbe62f79730f171986,0xb8017d7dbe84cf2a9c4d61c7dbf162e55f37b1c1b4470534a5934cb3c2f67d4f45372350e2c9b539b03d5e981abda452
453,795,124172,114348126,1,426,32114348126,32000000000,0xebddaec2a4f611962645ec42511828af99eb9b05,0x8aaf1f3d5dfc69e0c643b5639b77331e015c87a76458a67038857fea2c546d26c9d0325d48965210f59438101f00fae2
454,797,124156,114129440,2,422,32114129440,32000000000,0x8b62cbe635f3ace0521015af82eacf491a862d92,0x9150b6ee69c8a6e10ce0a168fa77c7845b54811c1d2733d0b64a986e2fce5b7ff6808a185b9623070dffdb06ddcf2cbc
455,799,123355,114120816,1,0,32119485299,32005364483,0x06d5efc3712d206980355cb6999cf33c350faf5c,0xb812468745524212436acc293fa0945c6db91b3c32b1f5ea59e82178e1b08444a6f900f2f5dce2afd854f78ec85c5971
456,811,124049,112875341,1,165,32112875341,32000000000,0x7f362b0f7207bb6c133f0b86c2e9f004a892f91c,0x8b80f8da13602dcb7e34b613c73082ea69225874392c3f399232d8242cbd85b4fcb442cb7d3b03591cdba0c2bfac508a
457,813,123956,112580640,1,0,32113572058,32000991418,0xf2c5eef73432b7c203036ae3c78b52d1c0073c69,0x9116263241e604a2409c78e69c854417e4f6ae63a02135d7e914d2a8d36ca7d8fd39b6700c9066f26acc49b4696010af
458,818,123537,112160035,1,0,32117340529,32005180494,0x5c7666b1a842774318ac43087dfe0ef7eaadc06c,0x85d7814e05cafab935f08e7c6949d03325b07d2538e7230d1a51e505b24b508b8497e9245d3427f0b25ea01290291f06
459,822,123241,111744835,1,0,32116169794,32004424959,0x1a5ca4f41f2473689f69e3d082ef5e2585205640,0xab5ab444c3f75151199d4660a56bdb1a92725e01e2c8aa2a43d9909b884bfaf8eb08c51206c142add7c2c20c998f80f8
460,825,123813,111396246,2,0,32113819588,32002423342,0x57d35c3a374d76c695445957df1b633c78ffa1cb,0x8438a5b35df3c7c485602ec829b041cc550ecfb9f8b918f6a08db67b23c59b671dd6e57d152e64d2a1656bdde36fdab5
461,826,124208,110905769,1,556,32110905769,32000000000,0x56b96de8d2e1dce7d891de3e0ccbb543f5290631,0x9031989ee9029d31a51752b5c05840e5a891e6a3300a348bdba82654164474f9796ed1ab38288324284269041e3ea58f
462,836,123572,109742054,1,0,32108376791,31998634737,0x19c403677a2fc5f730a4ae5b2869d78f2d39f1ae,0x848b5821b8eac4c2be659db991827abd9180052c5e6f5cfafe8d71b59a783549f82e09dbd77f713f4dd48efe30884ab3
463,838,124325,109649495,4,936,32109649495,32000000000,0xa0099c2f56e2843fb220e1b66632eab4b8984efa,0xa19e1dc1aa28893e50eba309e69a1d1f7cf277324c5c555666e0c03487f272b9c8a70c81cb46ff5dabb2007dc466b4c4
464,840,124179,109463193,1,549,32109463193,32000000000,0xc1b2cdabab813154037874786842a7107ef17876,0x958e5db15edbdbc70c44f332190bde388324d661f6528089e02a092353ca3cd4f74c762acbdda35e1dece0d2276a101b
465,841,124183,109372929,1,550,32109372929,32000000000,0x18ec46f85e088439d2a2a1f4de546cee4c562d45,0xa6a729eb7bd6caec8fae5747b4a4b27ac1cf0dec7874e379a2c5152d95bc97bda69c59f8a97062908fe4e59270feb20e
466,842,124161,109037479,3,423,32109037479,32000000000,0xe28b9a99fb623969839cbd6c1adf406e17778e7c,0xa1143aecc530009c8d541b1a7b9fa2898534984e8f997add3533114c6b32e54166e4b2a8a4d522efddee6d2c29370447
467,843,124322,108979744,2,935,32108979744,32000000000,0x9076fc7472973203f73e1aa182b6cdeba8ed314c,0xb2f3e2c01b0161ac9619f256e14745bea4d420c97d80be2acee82501d7c3ec1307d4aaf55bc84fabcc310cb160c6dc69
468,850,124313,107896058,3,817,32107896058,32000000000,0x4480d7e1315cafaff96dbc0e0cbc09050adaa4c9,0xa15a52b9ab413094b0d2c1b4d1c9f46a51e586f7ccb91c7c412856d8a2249af1acce8f5f7ccf9038b3b6f76446974114
469,851,124314,107879588,2,817,32107879588,32000000000,0xaf471cf4f800261c24ada69791e9813584721a6e,0xa7e806b84ee4dfb53addc456a176fdc12349a1047699300f805aab8f7a05915437f25e5d2107d0afe93a530041287107
470,853,124377,107680799,3,1009,32107680799,32000000000,0x1c16309a9b272dee0c0d617c7760a35097026152,0xb2c19b801d00dd832c6d7659291753e9151e04b5f1275b1416a27c3eb6c24f3b7dccd47f3c0d31d1b23059b381beb826
471,858,124252,106920053,2,683,32106920053,32000000000,0xc1be55c58493ce53b754e876c2c32916e4ef3533,0x9844cf5720f7e5822118aaf5524b9094b9095154d813c6a29eef1b86dacf91c94bed92f7f19efcb8d9adcdb767f0855a
472,861,123386,106393731,1,0,32112562189,32006168458,0x0d7526770588e80c4963f65ec4ccb9604ca629f4,0xa3e1df440dc8ad4e1c4dfc57a84e32718e4e613ae491705ca3e3863c6f24038c59297cfd3eb92ca72863fd3fef525c3d
473,864,124359,106299592,3,945,32106299592,32000000000,0x3e12201a639762a249ec88bbc54a279f37e5698b,0xa878ad3348d61293ea942b5c25997841da884555da56b79e269eac0be7477ff54f09464c0d786777a496b1cd34896318
474,873,123717,105327933,4,0,32101418291,31996090358,0x51c9645e1432e7557cd982dbba852a488b03dcae,0x97b65a0434f12fe5e8d33ebcad945f21c5dfee7378fd16fe39c27b9044ab9e5f2981892119a4095cf12f4906883a89fe
475,874,124383,105293548,3,1069,32105293548,32000000000,0x616f33e05128ad81faffe30c27b4c91cba46d3d4,0x991d675cdc27617357d8a45106b1df5da0017ee0654b619bfc9a7b23a9a97944edbc2f5d555dfa8650b011544af2dbd3
476,879,124065,104905056,0,169,32104905056,32000000000,0x134962ed865d354079c4c90a3dfad97c79745913,0x924dce8db92d08157ee9586a7aeb048c589de48da3b3f0253e35a759cd5dfce45747d1eb63b09af05504d45bd14b8719
477,880,124051,104900682,1,166,32104900682,32000000000,0x9d47faf24a4681acb247ebd11af8c3660a0e100b,0xa52dad01943de5771d07bdc6c8d95d2863b6be48fc68aea7553c948108e73678fe2b0ee28b3312841da67015fdf67190
478,884,123885,104712947,0,0,32102992351,31998279404,0xa28e048f911f14fe99648f90a808ca949df5a5ed,0x8d53845e852a34c9e67e1c94d25449fb7e01237e5f0021c2f9f503fd60ae94c64568048c253cddf9e17dde30e61d2967
479,886,124308,104522519,1,816,32104522519,32000000000,0x8b4b6f437fd0e44551ad1acb15a7d0f64cf8fad1,0x8c7bfcfc1bdc38aeddfb1653ac2f624ff5cdfd2dbedb998b414dad435a4f34511c137752b93bfed6a6b8d2b932a9de6d
480,891,124323,103737654,2,936,32103737654,32000000000,0xc2742c2e57704ffedfdc5483b076d3472e44aa28,0xa3723c69ab17efb15ebae66a5f31494ce5bd85676b5cbad1a14dd3818c67afc778520e2757fd5f888157a0c0e9f4362d
481,894,124391,103328685,4,1071,32103328685,32000000000,0x29a7aff9998170f96208a48d6c3e99cb8e9f5e81,0x8313a7f525a7b33721ca75d4c5bacb7eab265699caae7f67a0ee3d6974ca0b6d8b0eede563d8b11b2540823dfc785b7a
482,896,124426,102632519,3,1260,32102632519,32000000000,0x649f5210e26f7052440402e6ff44f70b31ed6163,0x8124101e0c90fbd31d95bc169441c3a003c9d2ce17c7886564c7a604f221a9cdd107c213cfcd31287397f77526ea1652
483,898,124365,102382885,1,1006,32102382885,32000000000,0x597fd84de55e9f79ee9070952d5e05892438e5d0,0x8050f09e9e4a2e39ae7d24857f70440c2c94f635bec2894e0007fe5e4d707f7017276fe9d014bc7058c3bd2738b93401
484,900,124321,102008182,1,935,32102008182,32000000000,0x9d654a5dc26fdc96f07ec8d0ade58646d2dfe87a,0x886e3e2b13b3f21e17755a0eae9dc00da138d67c7ce08d606111c6c1419e62d179f24c0477f4a57bd5de90bbed3a1f6c
485,901,124186,101955065,0,551,32101955065,32000000000,0x520eb411a4c2db1950d0ef33e3e1355d00d24692,0x84ead68b122595c3795d106e179a9bf22559bcb8502eb11d3327bc87bf4e119364799b55724379470e0d583c274b0fc1
486,907,124388,101064155,3,1070,32101064155,32000000000,0xe5a63dac924a6773ad4db392e3bd0b3da858ec79,0x9113c892049073a184ea3f534d533147106273e467601d733f6e56d9e96317a3a23cd30720f59b24a08cacd5ddee95e4
487,909,124349,100714208,2,942,32100714208,32000000000,0x44e4aa8ee55e9308b67bb8b0adb0364ed1439071,0xa34897eaadcf754a67d35b573589ee8a5e9fc9544202cb0e20cc960ae6aef63beaebfed1eb6532ed924aa9881f5935e0
488,910,123938,100704634,2,0,32105335925,32004631291,0xe2a2d744a2701da8afab16e5d2c47f612ec8c240,0x830627f7365d790bb47b19af722a90919fc688c9bd13921851c6198339e56f2f9d4be506afd515cfdd8c6feebce6c811
489,912,124326,100295379,2,936,32100295379,32000000000,0x2e4485b800f7100a6e6258f036e405cc70db8b71,0xa7543fd70e04db224176555c116d141a6c13f85e441b01eaa1b92ba372b6ef180d1ebde624940061122201f86a4af657
490,913,124115,99825235,1,293,32099825235,32000000000,0x483b7fbd7df72925ea501d106bd9c675c8bbb79f,0xb00137b58eb33d657d4f3da9e50fb883a74f119ebf7067a739d3598f0b2f4f8b91fe6003316483113a62423210f14cd9
491,918,123677,98790419,2,0,32103334752,32004544333,0x52a6b6b8a46d3fa3a4d87e2f19defb75fef76c94,0x8ec2a207eda980ae259378a55a0574baf1d0be7e4b06df65e949baafe23b6380e22efdb2eb00e0c02abee6433fd6ff84
492,920,124367,98571842,1,1006,32098571842,32000000000,0x5f1b1e2d4b10dd77e441240dd8a6a17dfff70f06,0xb5a46649f4434fe8cd9686d386649cdf5a213383a6cb30e4a5a9ece44aea2bd5522d92737c67472bdfd17b883d18500d
493,925,124317,97920249,0,934,32097920249,32000000000,0x56670ef8be7a8d30fece9e132a0a0a8d2bfad63e,0xa56b8fd652742a19327e2544e39232efda37386dbdd3e0bdca11579b4ad2c6e849e1f26cebd13e339e707a999be44e69
494,926,124315,97899100,0,934,32097899100,32000000000,0xd5254ad60e0e7c66a12658f2278132d17e858b1f,0xb391a132adf33a6df1514f5b5e11733cc8407c46c497340ec5ec58380fb8426e73adcba46ca794f46caad230d6c9de8a
495,929,124324,97698576,0,936,32097698576,32000000000,0xbb1133f1267bd0e16198b0182cb582818f3401e8,0xb24f9a39cd5548233ecc3cb54fe82c9e834570054a7d380042e89d769a62fd67e6b41b366866d6b5e9b0b8d2c3ba06ec
496,931,124327,97675645,0,937,32097675645,32000000000,0xbcb72077eedfff3ae20d12c3a2d6a5c91fa77d4b,0x9943ae5992f6884d0ee66c9a62afe51253d736d4b36f44cd09ec10988efaa19135df8d3e632715e36a49d1b9792c58d0
497,933,124319,97592084,0,935,32097592084,32000000000,0xae708e15c522d14d9f21a1665eef0ec80fad654f,0xa668a0155c7c62982e1c67c145cd5f7a77aa64a5effa991d04863561f8ae0fa79926bf804bb5f97d0c1e34be0659df43
498,934,124352,97422622,4,943,32097422622,32000000000,0x1afdb3b1a0d7a12b1c02d6e0987a46ab48553466,0x99698bb9704af5d61f7293c5800f62f01523cd6821b203b58e3fb75f337a283a3bb3869c8afbf29873e7d4e7dd534bf6
499,937,124328,97229909,0,937,32097229909,32000000000,0x1e3dfdc3fbb17e03ef16a748a33a15e470d72827,0x83b6c05df8309ab7ec937bf76a2ed84ec87c42c289680000342065cd56ed290e4e77113a7aa6d6286fca4fa7c249cf07
500,939,123528,96851083,3,0,32102279674,32005428591,0x2dd3209803823592830199428781cf7c98c3a74c,0x95cbe326571b4b03e3580f0e9b76092bf10f800b6e0f0b58833f35a09f353974756a58b2e188b6b0b0be03f5d42376fc
501,943,124263,96014705,0,686,32096014705,32000000000,0x9de698091515634357043a54a35146d7ba020fc5,0x862b7609ca511e4a5bc2316ee2e270117e9454a0adefac3250956fc8319e249cfe636bc5d4f25203d87cc44e0c514466
502,944,124372,95919254,1,1008,32095919254,32000000000,0x4b470f059f1a05bf3e1e0eb4f1da1e7ad6924ad4,0xb5d298f8711a2d3e7bc14f28c689147275cd1754505002679141c9dbd2e362bd38c72a739d0e02a5f9e1ac2b36d8f666
503,949,124539,95584608,3,1289,32095584608,32000000000,0xfc47e1bc8be9ffdb8818679f597ac4c0dc1b2e1c,0xa1ffacdbc2136a447afc3b37caae876e1fad1a93d2e3f603e59f9d34b876e1e214399866cf92f56bd5e882a54da4fc18
504,956,124390,94561862,0,1071,32094561862,32000000000,0x562083e79f98d6fcdb447f5d9a65af43076eb957,0x8ceb0a90aa08b253ef90abdd43160206ec0ba8cbdf7f085b0ae8f801bfdbe67f4e52bba11baa71560bd0191ac2be50a7
505,959,123052,93939923,1,0,32101768795,32007828872,0xd4d4161c83fc519c7b34d111b6c9772eea6608b3,0xad960bd17cc4e7f0082cb53ae21b94b6d147df25530a3941aa529450f3a6b55727029d320528352bd43cf646a5e357fe
506,960,124397,93820280,1,1124,32093820280,32000000000,0x5f375046a8eafd746a2482a31c5587116ee810ab,0xaab552045286ea0480a79795f77f7824c73e4348bd7eb769047503cc5418ba2abe70717ab077fcdff319c1d9d0e1cd56
507,962,124155,92954118,0,422,32092954118,32000000000,0x2f5105ced98fd0dfaec6eed6125ab0d35f4e5c22,0x8b5ebed9d6587744f098a5b206c5d3113e75fea1bf8a840a34bad494b075a3b327db2e3b7712d93f77053605dc8c7082
508,966,124273,91954126,1,807,32091954126,32000000000,0x6d0a536cf784ecf066ea9ed6d0fe0535760cdaa1,0xa847758f08a1f592754590205a594c41263806fd5c4e5104e013bd3addb037cc1d780592a15105dd318df7df1248650d
509,969,123950,91445093,1,0,32090117827,31998672734,0x74a5011587240ffeba5740dc06e0bc1cb3314049,0xa191e8e15eed1bef623e907e56c07a8de01589022ca6b3d5d241a0c67b6ff571c94ffc84f6b3cf545f31212a7112eef7
510,970,123729,91328689,1,0,32095500591,32004171902,0xab82da12a7ea7568b8a23c742e988606d256d91d,0x98dfbdbb7a8ee4d6c3e9f19ea2e04b4069cd21b3b7bba18a2fe00b0d7c746e462298c49a2718b2d6e5afee72eb6dfe4e
511,971,123507,90976365,1,0,32095153323,32004176958,0xe1f6c875a8a52c4d1dc9af0ed43448da5820a1b2,0xb3111ecf103b1613e4fec51cc43cace478fd86c7c29e170f7732c8fc17d6a04e29ee8061ab18d09567b5847cf10a2a92
512,976,124414,89603953,0,1257,32089603953,32000000000,0xef1a0c4f9608d99cc17a63409e322439516198b1,0x89518fa225899a101df6747d6a289e3cb775bb5517cddc16989acb643436770c13f4ec536bbe5bbe22a331eff72e0ead
513,978,124592,89366659,2,1585,32089366659,32000000000,0x1b8976ec8bc31aad9d1831e7ffb7a89e089e4e5a,0xa42035d7cff0480b9a94be190fbf69b1bb374f7b0bb4678c5af083500047d6cb49c9c2687ad460d42289609ab1af5e91
514,981,123508,88664442,0,0,32092626304,32003961862,0xeb1df57bb04a5d48068f128912180127eae8e425,0x84442a6c08eecbbcac6e998bb09d2b635d20690d4d4bfcbd9efd13947817ba60ad54590a6d5f920c2c134e29caed765c
515,982,124022,88652721,0,47,32088652721,32000000000,0x0e4021551bc525c3d151a28db8cd9f7786fbb8d0,0xb2523e65cc0a914ce0565713e06c15931c744373631eb7102fcadde24b15733db412d69ce2cb38a6f42aa89a411751a6
516,989,124564,87151940,1,1447,32087151940,32000000000,0xd217341bf14f38e24d840cb5bad608275eb634e8,0xb699e066c5b9ff80c28a6f404504abfdfa463b4f94b28dde9aca98ddce3e70fec67f747b5a7b4295286986b1b76bb1bc
517,990,123436,87095142,0,0,32081462285,31994367143,0xf0faa47834a477e42296602d67a2299a4d32cd39,0x857368b091afaa85c542cebd84aac4c319ae8a44f8ddb2d87b147aedc8e12438f5f8a6f21155b15c63cfca626147f8fd
518,992,123312,86739534,1,0,32093210358,32006470824,0x57be3107e08effeff4cbfb0de6728865cd49361c,0xabade43ea3f9323844e781d962f417a59cbd2cc19670c7fc31218fcee25a69fa5c34fc5ad18c6a632b9ad5210813a514
519,993,123495,86321834,3,0,32091951337,32005629503,0x42e1d6de7287938a7cdd1ec76f0b6ec0ea429230,0xb0446bd53ed628a7d40588b100201e515ee688c61e52710a5816bace44a7769fb5764df3cfe07f1cca5453686f57c794
520,994,124552,86298820,0,1384,32086298820,32000000000,0x1bc8fa9bfa62ccff5633b7a219f10713ec5601d9,0xa40fd3d6b375eeed52ac193b836febe9b3d5d69a9e3482369986446a41faca6beb61a400a79dd473e5ee7cf00b34ee16
521,995,124318,86179319,3,934,32086179319,32000000000,0x7ff8519a897e47f7cbb528da420115535a76c0a7,0xb149549f56cbcc9c087c483e2e310238881a8633986c24bb5711efa7b40870ea714362f05e6531f6384d060fdfbaa2aa
522,996,123727,86078863,0,0,32082218427,31996139564,0xa77f58eecaf3310e4ee44a6219f3e36c1304fcc2,0xb0cd9ce432203b8ed51f35894de3ceb999e078dbdc3c94815dbf93e99fd827eba59b299a3d80d7f07c526d04de1d3985
523,997,124553,86028409,0,1384,32086028409,32000000000,0xce019d95869b2f077e216de8bf55651951f1f9b5,0xa24cd44cb1408db6804454def8646f11b93df8b5b4137f2c2107ae8a27bd3c28eb63ecc6085f47a27a5e574daac51a29
524,999,124110,85962960,2,292,32085962960,32000000000,0xf0a1bb19f8cc0813781277dccebcc3fb659d79e1,0xa6640b71532755c89c0fe1a70867b473b7db30688eba0811be32954dfa8e3c8a47e047acc17243e69433d9221d22c07f
525,1007,124558,82624910,1,1385,32082624910,32000000000,0xaa6d9c64c580e93c1028ef914a52d9cfd84b323d,0xa9371550085e56d702d3236ffaf7244b698911317b24a7595376a469a5938d359b40707a3e92fe45faddebc19ec30505
526,1009,123094,81055282,1,0,32088675583,32007620301,0xd1d134cd5a062934ac653e5dc2bae93115a410bf,0xa34db87654cd4c33361f57494493a2dad1358f2c4158b57de9a2b68537d1c6f8f4dd61e48b4c687cd92c9ed61d263b66
527,1010,123772,80946196,1,0,32082084972,32001138776,0x343788aa9046e0dc7485f4239b704e47304b89f1,0xb230e6d226a2287350b811357067090d8215d468368e5726c38623e2cb5d07ea642b65f7a8a52832bc2f3a3f7693b120
528,1016,124689,79549207,5,2089,32079549207,32000000000,0xc2d56d0410eeb2ff025ef89bce3f5171d6332ddc,0x996433f04051482c38cccef0e56008146b4d9351690652e2a6cc374da2b0b4cd97cd7abb7ea7ab13b134cb3ff659aeff
529,1017,124556,79216068,0,1385,32079216068,32000000000,0xc872234c4abe689a941aabe8362d185d83ead254,0x8bf76be7686b6174580f7db6446334511facbdb1dbe162c47bfa1961fe7bf6173047192ce931f75a1d27b5080145100f
530,1027,124054,75525498,2,166,32075525498,32000000000,0xd8282c6e954804f814e913df77968a30e45c1595,0x866dbb3cfa9d77baa6a122e1d9c36cffc3892321731fbbe5ff632de65b5e0071f5d5cc8df673aad03e6a754238062306
531,1028,124700,74947399,2,2155,32074947399,32000000000,0x6cadd5863afe2580227b338130578263b0458ec9,0xa76a8558ad6d2185558f4b397a9b38d1a260c22bdcf5e31d17481b3cdeb39c6ac06e6afebbff91f8ad68fe8b9103fb93
532,1029,124015,74416413,0,45,32074416413,32000000000,0x73860a0340b1fff9e95d035cf35da774e79435a3,0x8f7d7085f589d7324046d4b5c0018ae50e143a954ee12cd97cde63e090017bddf907d3dc7f812cc909f83628dde04abd
533,1030,124633,73826855,0,1833,32073826855,32000000000,0x62b2ce7b93f9245c949514b124b282f0e38b2553,0x931fc5b9cddd855da379f1f63c61c58f18eecb2a1676bc4a41534c7cb2ae58abfe095eed340c4f0ed0f6811a2d333dd9
534,1034,124603,73078482,2,1705,32073078482,32000000000,0xed23e0c712f60cedf42aa65855610fd926d9affa,0x90e15555796c1a629ae6cf6396e8792b8e1f03923e0891d61441a027d22d9ff7ce9fde6ee34223e270e6ed5def309e74
535,1040,124649,70624680,0,1959,32070624680,32000000000,0xed720c6c6811e0acd2ce15be0e7d6284aab3fd45,0xb44f5f6d6baee0a4891487413f3eb01c2a252d9c593e21b547e87c3b8cff1b99557b80f6ed356ffa710894d495496b25
536,1044,124096,69753455,2,228,32069753455,32000000000,0xc45dfd2ba4d2ce8ab24a9334513bc56858a27017,0xa4ee36cdc66b53ffd85cc52bb49998e1b7e611f1208471ad3931d5fddd724444e20e8a09c9c1f5604789e7183545ce93
537,1045,124125,69399747,3,296,32069399747,32000000000,0x2903fd56cfe678c41ce82715ad6b1bda06f35aa8,0xa050f7b876198dd5f803b5b7b333b9412cc8828adc76d2070a9312f5dee8351044c3c31df4440e11574d3c5e241618e5
538,1047,124695,67999653,0,2091,32067999653,32000000000,0xd907c2ffe350def88826ecca1ccf1e756aab117c,0x92a1bb8bfeb9e7e3a17160595acc04d3ee34c49bf272c98665fade2531a829625170ece678f66d2aa83911e5663d5fc0
539,1048,124697,67897887,0,2091,32067897887,32000000000,0xe13037ea3f3978f401b5cca0ca775341a0fc1d05,0x8c881ee3eaa8fbff3932b0039e3ab7362723aaedffb759c9c39cb09157029fe5fddf0f56e84797e48f90fe079ec8e1e9
540,1052,124691,66732502,0,2090,32066732502,32000000000,0x92f67205dd7eea79972edb01beb895bb5abbe97c,0xab026895fe6ba6f63d958ecebb82839cc9ae202c80445ecc89b0a628e4283c2165e764200d27391a87a3fa9e40858724
541,1054,124708,66237400,0,2157,32066237400,32000000000,0xde3ca1a8a1750aa77e0e2bd5f66e4bbc1d13a069,0x80c61cd0ea19282d586c97719eb514cf67a16884b504ba23437de34dee61138d38d554e44ed109b752344b17022077e7
542,1056,124711,65867182,0,2158,32065867182,32000000000,0x2aa364bd6ebaf6f97363b0357a0923c0f548c2d1,0x82a615e1f5ead99f4f4e4f9eeceaf9e83f2b403d811ccb56b837878d3f3bfb541f9d7d0bdd27f511a4481f351af63903
543,1058,123955,65248521,1,0,32066657704,32001409183,0x24d5ec8eddb8ad36cf0d20422018f879d9a56b67,0xb0ad1376262122dd1bbc7a178b77effa42347a54d74a6b59798a70c96d8607f644728b40538b812e627a25b32db1084a
544,1065,124792,62004275,2,2604,32062004275,32000000000,0x119dc5e7136c0e4bb1c99b009f645d2b5056b44b,0xb4c9da031a752fba2a9f15b9e3a56c40eaaef83529561237500e4c448a07146574291128e09e286280632ef8c8021cc2
545,1066,124707,61845906,2,2157,32061845906,32000000000,0xa7ed85c492f8b2b47521043337095ed048330423,0x96a97b9366960e3c17b585b775476440187aeef3501c84dc554e8f6880b8fd4070b8613d14b58c29fcead1f04724d234
546,1071,124687,60345092,0,2089,32060345092,32000000000,0x99aa06bd09518b433a324bd4da73665fe8571343,0xaa5a168a22e564aeab6610af98a51bbfcbd29be606e1ba6b9843379d63be261e658cb8840a47654a1ff6ad5af4217691
547,1072,124756,60101768,1,2352,32060101768,32000000000,0xc073ab237040f567aa0b479844b17311282198e6,0xa39c97f3585f37d300b44d06161ddc3ee466e24478ee335fe8c540a602c80118ef7a1c2f52d6758570a17d6040cf89e2
548,1073,124574,59915963,2,1580,32059915963,32000000000,0x384e3f7341a5d5e90c9b5a72b6e5e8e09aadc6a9,0xb779db24db1665a5d7952ab1bd64eca3458955b109f72e794eb6a335a9494d69e8e402717dd83aa9faa83b2508bb6fc0
549,1083,124804,56601912,3,2730,32056601912,32000000000,0x0990dc90c40d498955459ae9acfcee3cb0d7803a,0x99533152ce9041966cb8047985b370cf709273ad78173e03b57419a3ed182da1a1c2ebea3a0cb2fe639c4d0287273ab1
550,1084,124684,55578854,0,2088,32055578854,32000000000,0x894492e1ccb49cfd159e756e4066ff1efda33bfc,0xa648e415f7e6170032655d1c82d6d7fb63a362e036a400c2ba1068a27b8c07c58843b1f54e7cf2939ec94eddb0092ebf
551,1088,123781,55269485,0,0,32059187352,32003917867,0x51457a6ef13fd7e043a83d297c95aaba04419e49,0x92c6dc4aa95a471f104aed3310eb6b01409c9cb13136efd3c5be222b8e44a0c4e564810670926fcb52c8f886def38466
552,1094,124550,54818631,0,1318,32054818631,32000000000,0xd0633946396c83febd50f27298c19c99200ace7f,0x9786b7571407762cf277057c224933ad3f86d69941658c4e3ee50bb711be79e1c9cc194358ba3721aa42d9416b029321
553,1095,124795,54770794,0,2605,32054770794,32000000000,0x34305831ed24335104aef37c16d51c997a257ac9,0xa3842f1c0d08594af8f4c3d1c1846654316004fb75c2fd5c6323ce5153be4a9f8336fdd5121f7879b8d18aa06d13973a
554,1099,124843,54256390,1,2858,32054256390,32000000000,0x4c7832f93c17d15e49d12f7e54271a4a68d8ff16,0xa7bc695f24752fdd9a313dc5e3f31d16196145effc7415f5148c3a81665e47279d618443d43675999005219567b18bfc
555,1106,124817,53184600,1,2733,32053184600,32000000000,0x6203a91ebb17ea3b61818ce901d77e51e17e473c,0xb219857d9ae3fd3abc71e24c9ebb829bb838bf316db6b4d192db760eb1c1a0e416a443550fd2a63c37124ce03d5dc73a
556,1107,124052,53028645,1,166,32053028645,32000000000,0xb921c44296390cf546d4c60e34832cbb55a85d07,0xa83372278e1e1a3f7ec24380c0fa36d15ef936917abbfd626481cc79ea788acd0bf11b8f406cf3640cb136fb1fe36a0e
557,1108,124742,52582866,0,2349,32052582866,32000000000,0x2e9fbcc162b225def22efa54c032a32f7a87f933,0xa50e8e8bf494d37401a77f4f380f1ae866b50b498263ea7376ad5ecd0944bcd14e44e4743decb78ecb32f9d66d70d31c
558,1112,123704,50622179,3,0,32047742596,31997120417,0x8605276e1d521d40a8ab93dc1ea620cbb8c75273,0xaa5312ee96687b2c61c993ec7b3e9ef5ace5568ce4a2962c295aef3a19e802706628817f0f673ef1a2370b1c97485e15
559,1114,124754,50513367,2,2352,32050513367,32000000000,0xc93b87addf1ae76bf2db982718e1c1a812b20450,0x80729725fc62e552611058b0490e0e14171ee5b16f8b3c3ddb690b2a4beb7826244b31955aaf0c641e671d8c4d075c72
560,1121,124832,49294479,0,2737,32049294479,32000000000,0x18569525e58d508eb186dc68328a8ef18e627fd0,0x8ab07f3d275a1c8cd97c7b95350fae649f14b21e55260776ad24f1404885f284ec02110d3bb1974e8d994ba10b161534
561,1129,124849,47861698,0,2860,32047861698,32000000000,0xf3e834ef21ee3897d775a23de53513f1c9d6a2dd,0x89cca54d0962e698d15ecae9be6d4930028cd3d9322bbabeac42ccf3cbd0f9b5ff3097b91b0089c7b8984c126ecbb809
562,1131,124845,46706294,0,2859,32046706294,32000000000,0x3668ae02881c9e94054e7c8c0ee54e70a2f5482c,0xb89e2ba183faf89b298443e57e2db48931aba478a46c9de2e306ee7ab10af910b60ef237b101f1a79c0117b4c3fe01e2
563,1139,124346,39713102,0,941,32039713102,32000000000,0x11110a504c929dc8985760bfead0c78ca0d6d5a4,0x9063e522e118bd770f1aed9b1d9d86b1087cadd571a0eb420950c9447a4f273b7ea7523ed6ec6b476208b25a17a88810
564,1140,123391,39068088,0,0,32038861590,31999793502,0x915d327bc8d9ae9905f7dee4a335141916a5969f,0xaab589d6b8582c0d98901c46a88151278ebdcbb3c73e2f291c7f9ea98fe5d3f89c66b80b3c751fe47cc6762e06bf8efd
565,1149,124899,35927310,0,3307,32035927310,32000000000,0x9afee97984c8265585356c4cc52159d60d6a510f,0xa163bc7a23115b26a2ad28eb30313d02f8163e6c331704a87880b1fe61b1a2be062b526eca5b01e7b080dc946bc3294a
566,1151,124410,35767247,1,1256,32035767247,32000000000,0x4aab8a785b7db6fc8074d5cd2749aba340a671d5,0x8461b2c0aec68d1adc6fd3307e12f1cbce2e85e426b7238d9e73c092614953030f9b6fbf2dbd87cf45381297c76883e6
567,1152,123973,35528473,1,35,32035528473,32000000000,0x2fde5306e60a115a5f1a5b55d5b0c37b5c86603c,0x8199f8054d0282c1fc016ebef2b34554ead1e331860a966627702316d5574c6239e7b706e27faa757f0308b5bb1b574e
568,1156,124902,34809210,0,3370,32034809210,32000000000,0x51e726e2952fd94037c2ad4deade6d6e27ba041f,0xa7359469144197ab4b0d2c584d2ec5cc87a0a115932bd98b2c217a27cb6e776a141705d6d4ce5a3dc9edb5673f627dff
569,1161,123602,34022251,2,0,32029398942,31995376691,0x4491effb348d6ba8e3dc4680bec797633037098d,0x929980dacb637a6dae7e27276cf49edd19d08e89c6758299a17f2378f0761681b5cfbe6f4562ab2be67163949bb85dc2
570,1162,124862,33849794,0,2988,32033849794,32000000000,0x0aa65daa49b0395503742a912fedeef06f2cc7a4,0x8eaf1daaeb0f48632c0e88248fc1015942fe6495bdb544035a6965158ca1c4b7f8065e72c73aec76b211d6487d775769
571,1163,124710,33728321,0,2157,32033728321,32000000000,0x7ad714f0a49a1317f2efb0c536d942f80d9596a4,0xb68d92b43834a5b21f3ae9d330ccfa1a990d55811354cca04196ca52220b20f1e6870c1971a15263387fb6d1f20fbd1b
572,1164,124331,33643426,2,938,32033643426,32000000000,0xab6ed86c67439ed59c7841a66ae1d3aacd658dca,0xaa28151172369f5d2fdd0dd66c3968e991528303a9139fcd0895d908d7214d327d7bae051d0aeda0712d67df175af7c1
573,1165,124995,33114125,4,3753,32033114125,32000000000,0x1ad836014d9c2150b432ceeddd669d1d12a5d87c,0xad2d59366028dab9aaeba82bca392eb138f1cce2d33c66d86f23fdbad7cbfb224ea49cf0f081b448a3e0f5f94b388b9b
574,1168,124834,31829114,0,2737,32031829114,32000000000,0x717b156adb2fec6bfe5c10653c44eb7dca477bf0,0x8bcfca61df246478bf50d68ef76008dd33c968fb567c53cd5b08ae97b8b4a0eb4d3e6237cd1fced8220cc3f93e116008
575,1192,124904,30568584,0,3499,32030568584,32000000000,0x37c8d33f2162f321a0c9921e64804277e3583fa6,0x87c0e8d5697b3444a0585f7439cee0212d91376d3dd4b9e786f2bb30045a049393aa61ffe2ca45a69706a3e9100d34ff
576,1193,123943,30256795,0,0,32028880368,31998623573,0x3f32ca52ac4316e6a5252b95388b59aed00b3402,0xa2693f8d10013587d4cbcc12b66b08c8034fadc90e062d65f673a5ec920951f07426192cafb8c31bdff3bc397af238b3
577,1209,124948,29299387,0,3510,32029299387,32000000000,0x61824c1ac601f6a7dd96989e95d0ad51774b818a,0x8bd8601c8cda2319a8569c688e9d48f8c185025f57a6b0933b12c045797a0abcba67d854e5eb5c69332c8e9c8b60d18e
578,1210,124738,28928091,0,2286,32028928091,32000000000,0x2b07b3a2ef775bb5a5b3c0d42caed2cf8168e53b,0x8d1329288700acac968bc7e066762781684d24938dcea6cc0c4d385787a1a5132ed7ffc251b87b5a8b721b68afe050e8
579,1213,123603,27974812,0,0,32032899952,32004925140,0x296b0b8ee6015f82ea8afcf078d505a945cf4c00,0x94f58a395bcc703fc3bebeeb4b538bd0b9971e5183f98f917de3956c7a138248b42c29c60fbe5b5ee7d1b1f519ddd2a9
580,1223,123849,27249836,0,0,32025307945,31998058109,0x8f49cb80a0f32cd69677885752aeee038c88662b,0xa2f369e3b3ea9854ef47adbd78e27c15ba14d069756d6ad49546db73884a7c16e57e23719971f8aa0f8b7477005a0f52
581,1229,124915,25802756,0,3501,32025802756,32000000000,0xf9952584a98fb8cceec07ce6990f96a1751bd21e,0x8d7cb105b0f4b3dc2c23d1773e2e2dcac22b12686c3826f2e9e48157eb456599be3e43eae3ad66d5ac34676d174bbb99
582,1231,124913,25189348,0,3501,32025189348,32000000000,0x43c5112cce8d7f70412f0ad867a01273699b5add,0xaedb67e186dcbe0d787f4ead6b039ada16f3b4c49d0052ca261f1a9874241d5c50af4f120ef6a9aa6d8de1862b82857f
583,1232,124985,25021607,0,3751,32025021607,32000000000,0x7c01a6f6c2fabe80631db4b546191c864e19e35c,0x800a2f661dbda6cd7d0e4a29f4e0892eb51a96e8dc7935c7c205bdd7f4dafd2c34f99c84b9d215b84ac9b9dd2e029d36
584,1234,124858,24873200,1,2987,32024873200,32000000000,0x83a2d302467cb4552875d9e3e7d3f630d882e72b,0xaaad488dabb0d1f57f35dc126c680fc86099c3c507a640387632e5e489852ae38bd70427ac5f5f0040c9a48d6a65c866
585,1241,124599,20963417,0,1704,32020963417,32000000000,0xe01020d4b5f836f9045a22e3a0a8e8a2624ad48f,0x8434df6e39c15ed77abc56e87609ac94b49b7c3ca909ddff1852464e54adbc808254a8703ab3b7d53fd19d55d596c4a8
586,1242,124570,20445588,0,1579,32020445588,32000000000,0x22b8424eb899147a699e4bb177013bf264c9ed85,0xa7c3591af3a64dd470e7ada5ecf0d2df4b8c6e6b6b4375822877d3ff04e35ecbbb68c7c089f66749e2c5d43f7e990ad0
587,1246,124851,20039656,1,2860,32020039656,32000000000,0x473f6f11d2755e93d486f4954cb61aa88a3b3c0d,0xa9d435556f39ce5cf0f233c1dcc4104f9922f7b0d467d4a2764210afd0360c4d15a60784849ab62b7e2b302b90dc323c
588,1247,124674,19476960,1,1965,32019476960,32000000000,0x92e123077cdc6fb97708d4ed4887f773a4be2578,0x97c1b6edff8e7f3bb3001247bd8283a8c9eca214681f7b56ee1bb15da2186d0d9a0c74f7545915cb6a2e404eefb84f49
589,1248,124911,19456781,0,3500,32019456781,32000000000,0xd5a6388cd3c0a8b984bc64446bb408f76162cf1f,0xa5411f3f9515256897d7c4c9e6327e239764ecbf37551827e514af94601c2c75f471334d9d97fbdc341719a3aeef8b5d
590,1250,124848,18885498,2,2859,32018885498,32000000000,0xc4ed31d88e62e0a4bea1d08ee7f332eb7ddfd88b,0xb17fee88f77831e457e04a1d29ec01d87e788452c391f85a85ca2d78035bfa32204bd8c70b9c4099d1f0ce99f88097f9
591,1251,124565,18492243,0,1447,32018492243,32000000000,0x90aaff6a8debd44c7736c23e1b26f42dc75f8d6c,0x834d17c2a45830366506e1b4c9b1d32fd73973c83ec2491d126cd8cacc345e5c02dc701bb76fa07ef75fed8e3d3a65ed
592,1252,124997,18485742,0,3816,32018485742,32000000000,0xb57b87054daaad1750b2cb02951a8dfd14d4e537,0xa9e325bf4746c8d1a62221adbe19c9f5e04e571d7081ae00abf8126a3c2c8eaaeddaf0668594fbae8ffe529abeff1c87
593,1254,123068,17078551,0,0,32023410874,32006332323,0x97717e020d7b1dc535fa7e954b7c730444d90625,0x8adce43fc7d27ecd694b5035160cc3bf79b7a76205b228e083dc634d0e4cc9de22a3f5f752054111e376cb1370dfa45b
594,1255,125021,17044372,0,4073,32017044372,32000000000,0x772bf5d823ddff5a06cd9c45b810eb95867288c6,0x8f5c036ccfa4733940e04f121bf1d4d025f83655f2f1faa2f577dfc276f69250a7d8a99c709703077b86d8dd5adc1860
595,1257,125026,16985583,0,4075,32016985583,32000000000,0x0ea7901cf74840d4699d6d4f19361693cddec229,0xb1b4955d2f85a02940b0ecb76a3fc4e1e018125d4fb8780ed62bb76025097b722616f6107eb879c4f3e4f452899a34d4
596,1258,125032,16967733,0,4076,32016967733,32000000000,0x1c47ee81674fd46255f93705486d4af26981c0af,0xb54d82ae3a8e7ab5af1684b658033ffb605dd257afa2f4d0e63afd30d6633afae3677325ea6d85598cb6ecb534dab7ab
597,1261,125035,16665305,0,4077,32016665305,32000000000,0x73c918383c9b2e2bff3780fca80b6129f174c484,0xb5e761df35fb8d80ee9ec29b60ea78f6aba010fd69a6eb7f5fdda8fd5079a3c048fafc54e51f5ad64a100d66e14b1831
598,1262,123860,16260184,0,0,32018274726,32002014542,0x70b6ee2317871c898f060552e040e9b135ec7743,0x8635a5c84f967ea04420e81f5b47c6139f14e449f5c97e9c7227ac428db82d9216be7e245bbd52309ddedec074d2fede
599,1264,124207,15844346,0,556,32015844346,32000000000,0xbe78e47fb1b3b25cf10ec22168ae659e31c7838f,0xa5108a7311fee7b551811b267ca2fd3b02e95b315a82bb0864511484dc554b6a5f58ddcf15c4751054d6a208d4341c4c
600,1265,125045,14623534,0,4137,32014623534,32000000000,0x7ba359314cb2888e0b4f435f2822ded258b362f2,0xaca975efd6a89c50402a3eed033123861b874722d2c48df6b1e326cdbe980c708f0bc82a247d60cec4bc8ebc2f8faeb3
601,1268,125065,14099606,2,4266,32014099606,32000000000,0xd4ebab81c2e3cd7ff537ffc5e4d2921c6488ccfb,0xaa66862328a110668d67be1d54e4171017bebcb4ff24a7809cc0eb907195a5e1e460ced9f91f57db68125dcd4f5beb5a
602,1271,124579,13571426,0,1582,32013571426,32000000000,0x9aeb02d0996f01e45cfb99ba5570422f0028f7f4,0x8e51f51e7a2d05347c271c62fb06087a1d7ad7e581d879dfca4ab4880cfb1c70ba0e68c29e5b6b8342d25f0d12c96a84
603,1273,125054,12286693,0,4263,32012286693,32000000000,0xcbf85cc60dd1b22e08300ce48308493b80a35aaf,0x884a483c008c019579cb79243658eaa4bbe652ad4efa3aea70b687c0d7798a1430b679f13afe49dc03b3fc6cfd79da0a
604,1275,125050,12263935,0,4262,32012263935,32000000000,0x4af1e8a7ed5b21afa5806e89a7347db2c14b2a7e,0x924baab102466d6bc095f31b2c788e6b1d6208b36d7f78ede871ea06887b817c848cdb9f674b2a5c324f4e690d24daf9
605,1276,123829,12238780,0,0,32017615376,32005376596,0x460c3b91b84e77544b35bfeaa544f962c730a6d9,0x86477725b44ed91723cbd65b266f1b6fd99191271d018f6c5a6f6abffc442f66995f6289accd708d1302a3a61a59f206
606,1279,125069,12184069,0,4267,32012184069,32000000000,0x7268a5e71941e27287debc07274d29638aad3e05,0x928df5eea2b1754ff25baaabd8380bb6dd8b5f38bc9fa1d40d8c05a36b8eb7ab9f0c4cf77f6a5a027badd3b477908a7a
607,1285,125002,11200291,0,3817,32011200291,32000000000,0xdb3f1ecf6ad96b10dee6e0255d269d5d5c6fe1b4,0x97a9d0db91f940cb5a57515802fd79a98fd748a0e62b81ea884e3d24e64f7f637ea9dbadf952232b1b7061356dd4a41c
608,1288,125099,9030223,0,4393,32009030223,32000000000,0x98c4de9071b49df9ae5d6eaf3e65fcf9f6683b90,0xb71ac74d4114e65c0e002ce023f53b9bed72f56eb259af5d4444897cd3fcf82234a0f3d02b1e9f72d4ecc03f1a9b21be
609,1292,124977,7739751,0,3686,32007739751,32000000000,0x05c6280b1608d3b95abfd7ec38bba75d28cf6355,0x978a2aa7898d89619da5e87831da9f20e72883d4ce38c63830df552a0fb694410e354bb5e871b3f96bb26b90b0f6392c
610,1293,123433,7551557,1,0,32013336575,32005785018,0x1181fd0c501d2ac88a32385c060f255249234422,0x96f462399b33f833e8533c2ab5e129ef7e47cfa85a8ea1c911b5296a63a63c0068d0debaf8ae6fdf7c55311907e6adba
611,1294,123467,7536444,1,0,32011825674,32004289230,0x6778ea81ab6cec9e0c0c069561232768b1cd802b,0x81b2b64c28b4fa0bcd31a7fd171d68abc78c9db063c6a6f58a3347bf3f9d828682b11cb97f530accd6939d777f164aae
612,1296,125090,7054349,0,4333,32007054349,32000000000,0x7edef8594a201f8a17b7d85fefccf8973a99244b,0xb1404560ccfdd97c158ee78f84e5acdca0c036c50b577fd1b09d86aed7232e87f8b7f13b5eaa14852f2af11c5e2af53c
613,1298,125112,5754702,0,4521,32005754702,32000000000,0xf5eab63287d3824612079536c6e9cce53e84fc39,0x89bc80e44d40b50d322d42946e6533cd440a6c79a2d5d88e531af8d8f33e8b0327b6e39abdc059f2cbd4080d46f1dbc3
614,1302,125101,1656953,0,4394,32001656953,32000000000,0x1f0efa4d02856bd5726c2ea95cc29f5ea39c4a49,0x960bb8fdff7b07aae46f27dcbe43c012d30a791d79eccb4e45e41121f85186e6a55b32fdad78f2cc241b3877a3d54aae
615,1303,125117,1289763,0,4583,32001289763,32000000000,0x95ca716e372d70f49039b50e2d98ad90a484a0eb,0x97e3a976fec408d7182a42b1eaa778fb8deb58b01acf5eba43d0096152de9c77d630b1d9a6a7305ad1cf10e53a85a347
616,1316,121421,0,0,0,32027453800,32027453800,0x10d3447ce9d69a28d32f5c6445ed484c047a3598,0xb193534a575bb0818596005a9ba2439d273771cce9086e61673e46ad0df3cf62e3c95136bf4fb7395d3504dd64bcfd9c
617,1319,103863,0,0,0,64348792602,64348792602,0xdaedeb8d897ef7a2c5f3b0411574c31cc0f6f010,0x9962d9f622fba9c71577eebb57dd2bcb6ffa6e479a1898380358dc9d823b888375c0be91eea81009e2d9826eb69c3c93
618,1321,105306,0,0,0,64314045191,64314045191,0x19a6b4a63e1a45535014cf36e23dd291ac0955fd,0x88451689ab13ccf3cd8ba1c3894d0004d7c34454004f2c495924bca591d097c61e00bb5e32bd0c147623c481fe3e0096
619,1323,105386,0,0,0,64373807043,64373807043,0xde88d54819c4ae692fbb8f5f914ac5723951ee65,0xb9676278428d923824b4bd8a1f6033b4e8365d47b31c0d8c56d3e706863b2291abe65fba2b0490c179517942f18daaab
620,1324,117791,0,0,0,64024504398,64024504398,0x4046318c1aea6a1c172b7b5052d1e112b11ea1dc,0xb8b5aaa0683f1fba10db43ff018fa1e95b22360abef11415a7185442d1e02b168a68cc1b35c7ddadf3db374d308080c1
621,1333,104085,0,0,0,64404007385,64404007385,0xf272511c002d0e04e6abe43311c03c637d92df6a,0xa7ed8919d38b135ad071b7b9bac49b303c8611d0aced13bcca0202d20bd0df03aebccc93674679eae52dd8a11a9bdcc2
622,1335,104056,0,0,0,64407463828,64407463828,0xb33082c124ce4f949356362393c0575d01239e32,0x8c53c8d8b3d53f4f61d3b156201954fe699d3f61f3703c067e034b07040f8b758fb78a417e7e852d58877a0286df4d61
623,1336,104225,0,0,0,64366931871,64366931871,0x5d2f836cad056c3bd19ba7f2f4bba75ded8c2bda,0x98331caadc7b4249a0f90b4fe68061d98c6ddf0cbd5cb428cb873040c86da176743e72dbc23a3eea4e8e9f88c6f627a9
624,1338,106067,0,0,0,64363486356,64363486356,0x24e4a0f781f1a00e902e1aac0c47f8d62056d32e,0x8d9e5eec322a7ded618fad7ca3e32f4960d69c2c9951fce8991cdf91313b5139a5021c306d9a22095d69746baf503a79
625,1340,113250,0,0,0,63961501215,31961501215,0x1fbeae04138db4b28cec91f7b7861d82544c819c,0x90f5bb369116049e79997bb61b5a8f4a94dc705b4f4006459ac5dda06e6686b47181b3153a033e66dbeeed74b8e0ec13
626,1341,125040,-1007588,0,4136,31998992412,32000000000,0x82fe3766ff5d885ee2b6f9fc9211a4d694315ff9,0xabf759f43c427c959009fef4ad5b2f594e3c8765f79585ae3f7978fb33072f74031e0ec9d8898abde1888513f8e61268
627,1342,123183,-2801382,0,0,31989679612,31992480994,0xdddc84ba59c337234d262afc95032c0c51545f54,0xaa9107add063f2c67ca4f923c62f7c6cb56dccec882105dcf5974c4952dc6c87875b434d088cc1fa6cea375c977a126f
628,1345,123806,-5318669,0,0,31997120231,32002438900,0x23ca077b8b3820935d3b93a7d692f67e0fc317d8,0xb150eda4dfd1253cc487c6ff3800df433078fa8a2870d5b348c82a4596a81e30e503637ae2b75908f6edcf2a714168ab
629,1349,125047,-15007080,0,4137,31984992920,32000000000,0xc1106f5faa02c6c6b87b11f6d6a41bf164841212,0x8b960cc232429237cefdd56cdbda5b982be4a5268872d78947a4e5fa11e4a2f8b1132cbf82d3c5c48faf57a37975f8c7
630,1350,124791,-15186947,0,2604,31984813053,32000000000,0x6ef8744993d4c4042d7e07ac8948f486b26405a2,0xb38b3a414fb8127d1fe2f9bf43a41636d326cae7a8cc2bca26644da10090dc4ce28f9d8dc29832a0403e8f2d1c0fc92c
631,1351,125025,-16549698,0,4074,31983450302,32000000000,0x09e0ff17c840b8fe663b555199a570a3b0d86911,0xa1a72b48971e2c0d8f65a55ca760c75a939fff9798b0f3d497e0db3593ebdc2dbe137762ae5a271bed95e1ba18032a41
632,1352,124908,-21754062,0,3500,31978245938,32000000000,0x4553993453fc63415cbfa772de0e0ae703598320,0xb426d59a4ea26b63d1d64063222db2c3e3678e40c276d0ee458499b7e6851eb4e3e603001cfa3ea1a7f44fcdecaad410
633,1353,124912,-30582345,0,3501,31969417655,32000000000,0x86d86bb4cda860d4a26279f51d4761f507a3cb3b,0x937c43d86590d130b5f0d6c0bf7884858514ed1fc06d5eb8e1404f22868c184cc949d975167a43007b4d7d8931e75277
634,1355,124394,-33751410,0,1072,31966248590,32000000000,0x157ebf59cc21e5c6ce79ff334c748278dff26c62,0xb342c30d76133281eee00ee9c839846ab8932e5b14545dc8306101065eb5baac280bc82e821ad76a8072ced825720552
635,1356,124108,-38573619,1,291,31961426381,32000000000,0x6e2d6515d75fa5234f3067ef81ac03b7ead65cb0,0xa712fdc9171d74d2cc4d5a5c1582d02a8488de21cf599d463ef1c827266309f82247de73f8d6a92245f289ad29b36959
636,1357,124872,-40038954,0,3115,31959961046,32000000000,0x430202a0b7bcd6dd068e77c72ed72120ebf69181,0xaceeeec8191355796ca317907189debaecbe3d824995d88795580e75537a5ccb669c16302408bdd0b3c3c1542e5316cd
637,1358,123735,-42942901,0,0,31953245869,31996188770,0x3166abaab4f557c518d8e2c98c4e11b7fdf2a8a3,0x8ac4943e7111235b8b8a9cec66739bb76251aaa5ac0f3eea033f4752a8dc00f3712d5bc0abddb9cbbbe0e748183acea2
638,1359,124261,-44446990,1,685,31955553010,32000000000,0x2068cc70f8841bbbac4b2b6f942bd89593bf80d4,0xad054e6a6f354f21f44db62cb6b355ca1ed9afdd0a58d943b3adcb91234c4ccc6edf8a2bef7a0d7180ff3ecbc491465c
639,1360,124847,-46311210,0,2859,31953688790,32000000000,0xcb4c1ac5eeb42766e013406fafb846894391781b,0xaa0802ee5cea42592654cfb79d1e99f74c1f03438814ac926d2f2309b33f6052619bdd146402b7de6195c241a3c23ed7
640,1361,124239,-46529223,0,680,31953470777,32000000000,0x02c6f6cd74b5dae786b49167b777a579f4029032,0x8cf616e7bc99c0918ee2445018e8bcb702b7c5b6a213e534d17d63234da7bc703bf8dcd95369568a703d69d0663269f1
641,1363,124675,-49340141,0,1965,31950659859,32000000000,0x1902f0f363df8bf3c320fcbba7b701804ed91cf1,0xb27b43b2c2ea7cdcfce90df8baef28f74dbe2f7608bf913a038c6a117aff4c69c29d726d5400f0d7904d7c38e382a67f
642,1364,123899,-51306238,0,0,31947884968,31999191206,0x5be1f8163d2138d4e4d5870359d4b381462b01fe,0xb1243d5c0bba88b9afd1902ee1c6a879a8d45b6a3a8ca011c4edaae7f016f28c8531507091e864c0462b72c488296504
643,1366,124798,-52511076,0,2606,31947488924,32000000000,0x5ea6b99a26bb20ff9ebcf11369269f691405076f,0x918112a3a44e50263b6ddd919dba9cb22f88b5ef61c37a7735b0c7e344da602467d0c4d1c632e4a6711fb58162436d7f
644,1368,124548,-53628642,1,1317,31946371358,32000000000,0x416a2dce2dafab5946bd33f927fa325f7a9419a6,0x853d3fbc0cd8a0c54cbf5b4789a315be940030359718f79de38e8e1168990f738137dd306d8a3d8e1e21b43abf5f794b
645,1372,124395,-59603553,4,1124,31940396447,32000000000,0x9cd77af98f34266e7d8ed95d196c1d7583f3edad,0xa3680db46a7ec9117375176f806fcae497d8765b4a73ed2ccca21e53795cbcc31545b7cf932891c8e29a1f85be17b6e9
646,1373,123706,-59931343,0,0,31944329360,32004260703,0x9a979f2762938ee7c4bc4b88273f0c894693af80,0x98dbd77b378e250bf85651b13dde6b58568312ba3d6672560c2aaa77776be9bd68345dc5c71c34cca175ebf6538b56b2
647,1374,124717,-60476067,0,2281,31939523933,32000000000,0x50b9268d27a2cffb909f09281e0e516029d9bbe0,0xaa38e27a1011d4354d21777d260b985a7ff45e33a06f630e705467bece715bedda5e1cb72d58f54aa6b2c8ac4eb475a4
648,1375,124713,-60500580,0,2280,31939499420,32000000000,0xfee49c60fb37e088bed83420525b3d7069146f09,0x956932358349f8f037681a618cf5cd09c7e6e0582708e692cb94b1ab3bc29d30634fc07f95c3fff947dba61ae7b59403
649,1378,124672,-68222265,0,1965,31931777735,32000000000,0x68a1cc20472f0557427a56d8522de13787350e65,0x94b80d43b210639fe768758d54e407793e60470c7681e541725000b7a8737e329fe6452df871ef91e04442e4efe6c8de
650,1380,123474,-69171351,0,0,31936501212,32005672563,0x5e3200a7bd0444a85ea1d35e4471bcdc96d0ad38,0xb4aee221103058fdc26e2b3c1ca3050957faa104c8fa1243351329d18e8031210ae654b69904bc5f94195e5554816430
651,1384,123568,-71875957,0,0,31933228013,32005103970,0x1f2b92fe1928e820aa100dba1a63dd37decd08f1,0x9821e07b2d1b195f20bd02336cdb6fc3812eea3bddd86e5b923bf3fdb36aeb38544bdb67ae49ee45a074e4c2327c412f
652,1386,124557,-74256839,0,1385,31925743161,32000000000,0x48cdae0b1133cbdeaafcf276ff0709b39ba116a7,0x91be4e09b317b5a33788ae8a99412cb79549af8c7a22675283b60bf6c945c89a913697a4bf4c7c74a771f07bbece9064
653,1387,124605,-74597010,0,1705,31925402990,32000000000,0xc05c06dfee6ee09e9b66dec933ff09811618c53a,0xaa5162bfa6073f79f6314e9a0f90cc4284d660c44b886f2ddaaa76c9a75ee2aa7ccceaa1da8d1201cb63fb610027193e
654,1388,123380,-79310131,0,0,31926834017,32006144148,0x80f5c42f1f07dc228f377fcc0db34b7df76c45b8,0x8a3663a3bfc1c62ae1ce9d413aa53db024665a95c57e48d798d6edc52e570f67f521f2e224e40723c73c2cd13bceb992
655,1390,124184,-79720114,0,550,31920279886,32000000000,0x8e89d6845faea90042811beb3b6b91a86f897a00,0xa728fbaae4d8d20e1ef641898916f16883093f0840a179e76667d7b7d2966e9983e00e2444f1c77aba985d70fa4403fb
656,1391,123854,-80961562,0,0,31921139531,32002101093,0x4ad17c83a075d1e8703192d5ab295b499206730c,0x9944a3864dd74b303b1c560b84c441728d7c754353be86d1d1e7d492b3e6dc8db5a160b7d9038bd9c148951699319d60
657,1393,124232,-101189401,0,624,31898810599,32000000000,0x411e951022fcdadde9ac550f5b05e66b5c0231c4,0x8ec86f38a8760d1a01656305a84b83285fba869239d2ce99c3abed8b0d18567e644a8441bd9e21e9bebd9de59c919f99
658,1394,124226,-101213956,0,623,31898786044,32000000000,0x1a7d8c9911a3e715d0b008d75e888b807025ac60,0x8beec6b134ebbe3e7d49a078a5581826f1dd4c17263102bb68eeefb39ba9903690e3a9aa78cba87caa2354ed8272373e
659,1395,124227,-101213956,0,623,31898786044,32000000000,0x781d68fdebe6d1b2b6f9471ccff1241011354c6c,0xa90ec6fa385238f7fb7c1153c6d36273b4a7cbb64a6862a5baf61f68a732f96778bf861460303e0b67871f631ad908db
660,1396,124200,-102942358,0,554,31897057642,32000000000,0xfaea4912ff3a4962cf1d9720691c49a91f3ec0c3,0x9128ca0b7051d8f3b21c99b7870274686cfceae623d885c377657066eba5fa7940c394b10a8158106312e7adb5784279
661,1397,123057,-106150218,0,0,31901733603,32007883821,0xe30215c8a2303e7cd9b8d261af28ad4ea8d750b8,0x8fab65e0c9d2d129f364bd514054dfd59bcfa8ccea9dea5c6484f12bd385f76ead334579fa1fef6fe18836091bc253a8
662,1399,124120,-109328395,0,294,31890671605,32000000000,0xffe116bbad78c6c8e5ac963ad6f29ad6d3cd947a,0xb0396e8eb728a21fdd3ca1230ee97e6ec0be81dd048e81005ef5ab2b6ec542bd11a4d31c5330c1c0ea53c20bd5878a5f
663,1400,124114,-109352959,0,293,31890647041,32000000000,0x253b6149fdaba4f59be036d538ab2a5e604af40d,0xb676d07c995dfde20a7bfa7a0ccc574c7d0e7c8d21945562a1817a21d96f3c10d8fa43ddb33f2b9ac1dc6df7c858b429
664,1401,123405,-116421343,0,0,31888930911,32005352254,0x4a46780d4aef99e97359489dae461d5f1070d090,0x8001fc842fffdfae70b1633ce288c86ca2ab6e3689df2e8db5d7df9129cb427b147556b82a42de6665825337bb7721a2
665,1403,105413,-116554459,0,0,63550109508,31666663967,0xef0f4dee906ca4377f8296f4eeb6ee27fb5c684a,0x8a990e3d1c87723c8441ca97ca7b504ca30d7ffc1950f79ea238a4ea01fd4d593ac75522e1e156d00d82b9590a195d06
666,1405,121544,-116576731,0,0,31898029781,32014606512,0x32359d4e5b9fdec323802635738b29bd9dbbdc43,0xa5edddf6b2953b04be2a90cb116cfe706822f10e035a3c41d70bde1fbc2db4398cd909b282c1de56cea60ded082146a0
667,1408,121554,-116576731,0,0,31850378745,31966955476,0x7b74959215ea0ca88a051e0ce1cd1266280073d5,0x99ed324ab7d1a9a7bfdb426c018f99eff8162961fd7e7a5d6ff7169030484c01e56449bd4d8cfc19b490e91347602e5c
668,1409,121555,-116576731,0,0,31898769954,32015346685,0x70c25ed4b8d15d9e5a1209c10caf27a68a6e9ac7,0x8bce00e90057e425571ce9ece011cc2a40634fba8dd7a4a809978812953f9a1b0aae63aff9987cf51ebc59b070d4082b
669,1411,121565,-116576731,0,0,31884978579,32001555310,0x9f504fd3cd843e3d03011eb373f20a66c2e7066f,0xa7c444b056bdc96b4b9ec47ed5d18e66c7179ba7998e731cede068da22c64c47fb372d8eddd775410d1c5e9e7a410af1
670,1414,123070,-116576731,0,0,31875213723,31991790454,0xb175f6c17783cfca4ce9553780f8bdda98139301,0x8b7fb1acec3c994ab01043bf290430803906a7300f2278c5f7812809ad0d554f0232f9659f952b4dad44babbbcf81326
671,1415,123078,-116576731,0,0,31875263055,31991839786,0x9db20edd530a66a9f1a23f789942d4478f0a3b94,0xab6c47ed872e290c6ac545f0484ffb40deba6d23ad5927f8a60c0cb70ce1c30a7163ee6d8c752db5d8d9cccc3fd95e0e
672,1417,123082,-116576731,0,0,31875287721,31991864452,0x8a047cb2ac6af1758895ae3ad0506ce1b83e357c,0xa030df24f80d7693ac5551bf66766c08219819de7897326b127a49d06dc0105f308d561352d76b29e549deedd5c78467
673,1419,123089,-116576731,0,0,31875337053,31991913784,0x986e24b827d4fb9dea617130730753d80ffcfc72,0x89076965c5677f198393de09bd10caa3936f04a4bb46ee9cfa36d487202bde72067633e136bf6e0b38522b0ba40e064c
674,1420,123111,-116576731,0,0,31875460377,31992037108,0x6c443954179115b9ec2e4fcfe559bd8a8f380a5e,0xa735fa9fd56b86dabc2484ae63b09e8616e231946be464290b4d7c6398dda3f410359ec8d5ad57f6d5896459c2eb261d
675,1422,103939,-116576731,0,0,63982458241,64099034972,0x969a1f7abd0c9fbd197ccafb8c33fa7d086ab3ef,0x842cd572d31b7795094464c61dc1fd17b6f9b77f78b0dc93acaf8ecc71074f6e0bf315273ec99f425bd421987afac92e
676,1423,123235,-116576731,0,0,31876224774,31992801505,0x5bf60aa6a973aa54f9c1fcd10bb60ebb628d2edc,0xb8d5db12eb1c59ab412c7b6d223fe1fedde7f1a6f63cd8db1dd46ca75f75df9b04fda351af686780b2659abeacac22f3
677,1425,123265,-116576731,0,0,31876490422,31993067153,0xc3351a91e460f9ba443897d943b24840070c5231,0xacdf131419425c7a5baeddf5d63698ec073fa8b50196eda3f573eb7f44e23dbcdac49b12a26cb85423fa5be751ac9211
678,1427,123295,-116576731,0,0,31876731874,31993308605,0x92de4b1a20bcbc4fb82e9e6acf94a3344a9dc07f,0x95ec0de8d28fa49f04caa3e1a5494f9f2aecdf60c12c8b89617b010d0a8ced1eeb7b0228c4377a93e8872a7aa516c057
679,1429,123298,-116576731,0,0,31876756519,31993333250,0x28f79b0ce55c93bf2f7b2415c8a73bf75dea8de7,0x930e93cfbc6a97f74c31d25f0b494e67413681ff8e8721e96ec1a3d9a3d8134ebfd9185a8c56b83ad6974b612c028669
680,1430,123324,-116576731,0,0,31876997460,31993574191,0x57760655c2fef419da61806d303a713326a6e278,0xa867a7d116478cb8a6634b171cb3c5718abd99332d83127a484e625f2ef875029b8d7a237289cbab6d83cba8574a6350
681,1433,123388,-116576731,0,0,31877460595,31994037326,0xfbf3bc2d8647c9c23608e4d0f8886d528008a6d3,0x8f02041c780ff657cf2e91e5f1f0aa1e08fe4c893bac8c3547402d2fcb447062a405a048f399a123f855fcfb2077e2f7
682,1435,107180,-116576731,0,0,63820731831,63937308562,0x53561e4062d25d0caf8100783e9da3fbd79bebe1,0xb091fe9cac13febd49552f571a97f5d6314f976727ee7895e8ddddfd959215646e57f04f02c7095fbbc4ae0bdde5e0fd
683,1436,123531,-116576731,0,0,31878356827,31994933558,0x1660fc620d296b704614b82d074bdd22ff90ec2e,0xad91cbec102b9565d93ac9d9f1f1045966c7fce5c0e1758de1fb37cdd5d520c5828ae483a5dc50eb1db559698f08df69
684,1437,123654,-116576731,0,0,31879119922,31995696653,0x9713bf2a5395543009d41417f9a12b4f43bcec68,0xa3e42af1d8bb8b120a7e86f4fa49e204112a38222fc029ba3944ab15822b68e4404922a128230b3eefd4c413e00ae1e3
685,1439,123723,-116576731,0,0,31879538230,31996114961,0x15f8aa1cb7487c8af1c9eb075bc62e49e2f4c0e4,0xb533d828a73e75a5438df39e1b7f6fe0b7a7d5c5640e5491dbd912c6930b7a0010dc2b27748c470df99cb7519c90d9f0
686,1440,123724,-116576731,0,0,31879562833,31996139564,0x66593a4202ab4ec67a9b9d23f8839a058ecf894b,0xa5996a52b73e16e11cfa26019f38eee05c8607d2113e485972cf446ceaf5690adc9b4d852d3194a8c0fb025767ced7b7
687,1441,123736,-116576731,0,0,31879636639,31996213370,0xa16460fab0e8b66c6fb2ac0a3eeaff2f35c2ddb6,0x8f34a5b04419cbc90606a4b738837aa86c6dd41c3c52cb1e925ac140d130b13dda6dc706c8adabafae0a112fe6272611
688,1443,123872,-116576731,0,0,31881628909,31998205640,0x30f5fdf8a34b31e51a259f66e34be61911fe791f,0x99b9bca1144b0e6c8dc2cb2ba3189cec2c7e8d411bd05d0bb7c3d7feb0a7aefced89a29b2bd497698973134bddaf9e8d
689,1444,123939,-116576731,0,0,31882022260,31998598991,0xa1efc89bc7d5521793f2574c96bee2f1444241b2,0xa87a3525b2b4f0d206f8a75c038e90677faae06a9ed16b784e8b798870753144f6edb4f4d74f4cdb3ac9b2fc76d2af61
690,1445,123947,-116576731,0,0,31882071424,31998648155,0x22ec616840d8a4c9f937918b6c6990e004da6166,0x980297c0eba1c1dda02255bbbf2a0ee0b6b67b9685f3081ca04c9401a48ca6fe6ae19f9d325a946914eed542f9d28635
691,1447,123952,-116576731,0,0,31882120582,31998697313,0xc7b80146fbd8cff55554da77cbfc32958fbc2c23,0x9963eae22010834c7bbce8bf83093ed94a146ff88a2691397def9b799a2fd269cd97d2d84d127148778460ab1b9ac0d6
692,1448,124733,-187723124,1,2285,31812276876,32000000000,0x1457fc37d2d32d5f9a9bfb9984a80c5b9e654114,0xb034c76da3cb658f7285e3d7ca06d1c7488e6c20de8b8fd9ccee04d84fa72edab80d1a0d60ae54078eb0ab9c2ee65e70
693,1449,125096,-247593302,0,4393,31752406698,32000000000,0x4905f32d6a0f68d25d0cbf337b59611c9b8c80dd,0x866c988bbd6aa05b51340da58ef2774dcf81e3ae5bbd5d5585ba34a24d2960ed3afc23800576063785afb1dbbb372df7
694,1452,124760,-285554992,0,2353,31714445008,32000000000,0x91e53ee0c579fa0b6652f5eaaddf1bb23ea6b1ac,0xa86d63acce2b66c6ec4cfe90cb91147aada488b168e5c7e886d57915acd39c67013dc5b7fe5615a63056e8dcc55094af
695,1454,124729,-296441530,0,2284,31703558470,32000000000,0x9b902ba750afa562891ee66f343138591f1a7494,0xa92a0f5a3976fa222874c08bd280e14f5a25d724d84e81cd9240e5b2cb8377603871d6b9c0d800935e9a41a18a16a4cc
696,1456,124658,-300187414,0,1961,31699812586,32000000000,0x70ccf7ed22a22d975380772107bb36ad6e437967,0x991c8bc010f72c99723ac621ec4adfae9369414021b5b2285e602913bad6d2dc5a6dadac9867af1847ab5582ca468504
697,1457,124656,-302487931,0,1961,31697512069,32000000000,0x783b800161287823a1c964a2cd49356b83085822,0x8e5fb52341b8bdad89c47b4b8da3c102a06d5b2019909facb9b34eba318d07fecd3a5f81ee7096309f1f7084a1d54c6d
698,1460,124631,-304038437,0,1833,31695961563,32000000000,0xb667dd386c39cb2d866dc18f5a7c78cbdcd30a1b,0xb8fc77b2fd4fc8108094b78c8f19a5a4a1098d9a1e4fe8eaf640c9e484987186a56ddf2fd9340b205bdc2eee5e1fbf37
699,1461,124639,-304631790,0,1897,31695368210,32000000000,0x1a9a6837f13136b78e3d15ff65fd30359eb4cf14,0xb415b89057401aebe66dfac9eaec269ee102e615f1be2d84ef384406bf4aa1d92535e45b96442393bc950e64186fc460
700,1463,124641,-307219480,1,1897,31692780520,32000000000,0x233854c965ae697cf0b1ae2946268d150d4102d9,0x86e10783106fcdcedd773c79d492d3d2ff472cc41e3ef917a5a1216ebe61934c606775b02cacca4d034deb150db6dcef
701,1465,124621,-313358512,0,1709,31686641488,32000000000,0x8e218bd65947130ceb9514a38420941561a22c37,0x865821121fd82df7fda1f95ab09422f123bd9208da313630c85c15f23b737dc3ac1b4f950b947ab6fe6b61e57419e4a4
702,1466,124616,-313397994,0,1708,31686602006,32000000000,0x07d3e91fc7e167d7f6fdbb3fc67d124132e622a8,0xa9dbdbbf440febac195421428271939767060aded053adf81131813e9a6058b11474b8b884ace2f3e0b93faabb157917
703,1467,124628,-313476877,0,1832,31686523123,32000000000,0x1d1dd51a67bde412846952bce6a23470cee0c3d3,0x85ce75d972368ece3d156beaf8f43647220b178b0c31131aa1bcf9c5fff94952d23f79eef550771498faf6118abc019f
